[[[0.0, 0.19840634910475868, 0.222316448277232, 0.25370273818995204], [0.19840634910475868, 0.0, 0.03990315657641516, 0.2185018433687816], [0.222316448277232, 0.03990315657641516, 0.0, 0.20631161898202469], [0.25370273818995204, 0.2185018433687816, 0.20631161898202469, 0.0]], [[0.0, 0.25731486062798625, 0.26108248217756774, 0.2300645289913245, 0.25731486062798625, 0.24764515945198684], [0.25731486062798625, 0.0, 0.04419417382415922, 0.05590169943749474, 0.0, 0.03125], [0.26108248217756774, 0.04419417382415922, 0.0, 0.03423265984407289, 0.04419417382415922, 0.05412658773652741], [0.2300645289913245, 0.05590169943749474, 0.03423265984407289, 0.0, 0.05590169943749474, 0.0640434422872475], [0.25731486062798625, 0.0, 0.04419417382415922, 0.05590169943749474, 0.0, 0.03125], [0.24764515945198684, 0.03125, 0.05412658773652741, 0.0640434422872475, 0.03125, 0.0]]]