[[[0.0, 0.2969363117988412], [0.2969363117988412, 0.0]], [[0.0, 0.3458271227123781], [0.3458271227123781, 0.0]], [[0.0, 0.3489585544530622], [0.3489585544530622, 0.0]], [[0.0, 0.36894839984318095], [0.36894839984318095, 0.0]], [[0.0, 0.330394565793221], [0.330394565793221, 0.0]], [[0.0, 0.25449393086860117], [0.25449393086860117, 0.0]], [[0.0, 0.13505721377739854], [0.13505721377739854, 0.0]], [[0.0, 0.2953790334309943], [0.2953790334309943, 0.0]], [[0.0, 0.2717817119861166], [0.2717817119861166, 0.0]], [[0.0, 0.3785565006268867], [0.3785565006268867, 0.0]], [[0.0, 0.36013151722427267], [0.36013151722427267, 0.0]], [[0.0, 0.3871480804862862], [0.3871480804862862, 0.0]], [[0.0, 0.1361907567425855, 0.14536072283326942, 0.15393090302389953, 0.12570980182146707, 0.14779503556207144], [0.1361907567425855, 0.0, 0.1501712671674307, 0.13736630988428658, 0.10252375784222115, 0.13051112032275938], [0.14536072283326942, 0.1501712671674307, 0.0, 0.17710833384090988, 0.15444343690626458, 0.17160677052164697], [0.15393090302389953, 0.13736630988428658, 0.17710833384090988, 0.0, 0.0808566563333961, 0.009752233367301483], [0.12570980182146707, 0.10252375784222115, 0.15444343690626458, 0.0808566563333961, 0.0, 0.07145548988314139], [0.14779503556207144, 0.13051112032275938, 0.17160677052164697, 0.009752233367301483, 0.07145548988314139, 0.0]], [[0.0, 0.2601354339468565], [0.2601354339468565, 0.0]], [[0.0, 0.34551696200065074], [0.34551696200065074, 0.0]], [[0.0, 0.22774131216374974], [0.22774131216374974, 0.0]]]