[[[0.0, 0.0975682023370845, 0.05650224138635789, 0.11699553439982616, 0.1099107596278882, 0.12599450131407508, 0.12420724217633004], [0.0975682023370845, 0.0, 0.06367311427889684, 0.09322929540488833, 0.07690790190536168, 0.0962865733347623, 0.10537104696662157], [0.05650224138635789, 0.06367311427889684, 0.0, 0.09792656536002674, 0.07903532351933443, 0.10375421671473706, 0.10896146580973974], [0.11699553439982616, 0.09322929540488833, 0.09792656536002674, 0.0, 0.078491543785598, 0.06700400010917666, 0.07704673849545132], [0.1099107596278882, 0.07690790190536168, 0.07903532351933443, 0.078491543785598, 0.0, 0.04349691985444379, 0.04445427139645694], [0.12599450131407508, 0.0962865733347623, 0.10375421671473706, 0.06700400010917666, 0.04349691985444379, 0.0, 0.034099935502233114], [0.12420724217633004, 0.10537104696662157, 0.10896146580973974, 0.07704673849545132, 0.04445427139645694, 0.034099935502233114, 0.0]], [[0.0, 0.3270352125441325], [0.3270352125441325, 0.0]], [[0.0, 0.16369658920558958, 0.3832609545622034], [0.16369658920558958, 0.0, 0.34024690353465314], [0.3832609545622034, 0.34024690353465314, 0.0]], [[0.0, 0.1921234257591201, 0.24566593044136673], [0.1921234257591201, 0.0, 0.21841355047211455], [0.24566593044136673, 0.21841355047211455, 0.0]], [[0.0, 0.2633309491986007], [0.2633309491986007, 0.0]], [[0.0, 0.08776808167308153, 0.06789677829188646, 0.09700692930377175], [0.08776808167308153, 0.0, 0.08208270003919378, 0.07718447122352912], [0.06789677829188646, 0.08208270003919378, 0.0, 0.08165582500200687], [0.09700692930377175, 0.07718447122352912, 0.08165582500200687, 0.0]], [[0.0, 0.3215990971249088, 0.09949851380184159, 0.09456530428515288], [0.3215990971249088, 0.0, 0.35527742059997014, 0.34197040220494007], [0.09949851380184159, 0.35527742059997014, 0.0, 0.024148948482290336], [0.09456530428515288, 0.34197040220494007, 0.024148948482290336, 0.0]], [[0.0, 0.20036453716158314], [0.20036453716158314, 0.0]], [[0.0, 0.1730470035716058], [0.1730470035716058, 0.0]], [[0.0, 0.1120309889013577, 0.09918251095355388], [0.1120309889013577, 0.0, 0.09638180141960405], [0.09918251095355388, 0.09638180141960405, 0.0]], [[0.0, 0.35449373762532826], [0.35449373762532826, 0.0]], [[0.0, 0.270792313810118], [0.270792313810118, 0.0]], [[0.0, 0.24339560562668716, 0.179517133731903, 0.15392054043620346], [0.24339560562668716, 0.0, 0.15285691204762797, 0.21101491900675617], [0.179517133731903, 0.15285691204762797, 0.0, 0.15935101933740206], [0.15392054043620346, 0.21101491900675617, 0.15935101933740206, 0.0]], [[0.0, 0.13676722415370748, 0.1975920143128036, 0.18535748986538156], [0.13676722415370748, 0.0, 0.17763465736907905, 0.23205405278288677], [0.1975920143128036, 0.17763465736907905, 0.0, 0.2751229448385778], [0.18535748986538156, 0.23205405278288677, 0.2751229448385778, 0.0]], [[0.0, 0.3532827873838723], [0.3532827873838723, 0.0]], [[0.0, 0.2737410839245597], [0.2737410839245597, 0.0]], [[0.0, 0.37481820894278634], [0.37481820894278634, 0.0]], [[0.0, 0.3985031339912744], [0.3985031339912744, 0.0]], [[0.0, 0.3985031339912744], [0.3985031339912744, 0.0]], [[0.0, 0.3449319003633274], [0.3449319003633274, 0.0]], [[0.0, 0.30024742944324184], [0.30024742944324184, 0.0]]]