[[[0.0, 0.09004284940500053, 0.11289610440848101, 0.11064919034591433, 0.09898835453181591, 0.0919367121927101, 0.09288847644327583, 0.08713973395364717], [0.09004284940500053, 0.0, 0.08288805372825742, 0.08437029306769418, 0.06898681687971935, 0.06351577143181747, 0.0671426258006172, 0.0699855899614466], [0.11289610440848101, 0.08288805372825742, 0.0, 0.0853137172033544, 0.07649719334396815, 0.07070224095241498, 0.07054561586721424, 0.08572763576402147], [0.11064919034591433, 0.08437029306769418, 0.0853137172033544, 0.0, 0.0672761601945017, 0.08720346065784701, 0.08517314393979676, 0.09779571278356797], [0.09898835453181591, 0.06898681687971935, 0.07649719334396815, 0.0672761601945017, 0.0, 0.051813587621719746, 0.0515923297208193, 0.06663320986767644], [0.0919367121927101, 0.06351577143181747, 0.07070224095241498, 0.08720346065784701, 0.051813587621719746, 0.0, 0.031740974339306206, 0.05834210265517136], [0.09288847644327583, 0.0671426258006172, 0.07054561586721424, 0.08517314393979676, 0.0515923297208193, 0.031740974339306206, 0.0, 0.053939495643409635], [0.08713973395364717, 0.0699855899614466, 0.08572763576402147, 0.09779571278356797, 0.06663320986767644, 0.05834210265517136, 0.053939495643409635, 0.0]], [[0.0, 0.05521586636442945, 0.061512118225316305, 0.05668448291009464, 0.0774171891006416, 0.06358887608882012, 0.09896296737821617, 0.043529669274251545], [0.05521586636442945, 0.0, 0.06284488728803143, 0.06952831889289322, 0.08633639074028852, 0.07296882015093968, 0.10988011402828556, 0.06901403972759475], [0.061512118225316305, 0.06284488728803143, 0.0, 0.04432065649140756, 0.09058917930681425, 0.07134920847473142, 0.10651115010848947, 0.05081790265614337], [0.05668448291009464, 0.06952831889289322, 0.04432065649140756, 0.0, 0.09094323027306334, 0.06306440901926895, 0.10527260580472583, 0.04932835890177758], [0.0774171891006416, 0.08633639074028852, 0.09058917930681425, 0.09094323027306334, 0.0, 0.08310006946269587, 0.11444735174347827, 0.08278153002563002], [0.06358887608882012, 0.07296882015093968, 0.07134920847473142, 0.06306440901926895, 0.08310006946269587, 0.0, 0.10808655432934132, 0.06733619171814008], [0.09896296737821617, 0.10988011402828556, 0.10651115010848947, 0.10527260580472583, 0.11444735174347827, 0.10808655432934132, 0.0, 0.0926188050804623], [0.043529669274251545, 0.06901403972759475, 0.05081790265614337, 0.04932835890177758, 0.08278153002563002, 0.06733619171814008, 0.0926188050804623, 0.0]], [[0.0, 0.0861942986792751, 0.06557778965807207, 0.03728869644191344, 0.059506057981698036, 0.10342485334231466, 0.04386065307657221, 0.06001180545111429], [0.0861942986792751, 0.0, 0.09419256184691317, 0.08282067471429057, 0.0843805658810144, 0.08074879204998141, 0.06935369987458767, 0.11297329788720825], [0.06557778965807207, 0.09419256184691317, 0.0, 0.04932536682960021, 0.06907127851044209, 0.09684403180370206, 0.05462721333772336, 0.09577255054558398], [0.03728869644191344, 0.08282067471429057, 0.04932536682960021, 0.0, 0.0640156089626315, 0.10236856637994964, 0.037098483192533914, 0.08748885901731726], [0.059506057981698036, 0.0843805658810144, 0.06907127851044209, 0.0640156089626315, 0.0, 0.0995492999312258, 0.06204005985720464, 0.0937981128381537], [0.10342485334231466, 0.08074879204998141, 0.09684403180370206, 0.10236856637994964, 0.0995492999312258, 0.0, 0.08832370261037172, 0.12082049829632704], [0.04386065307657221, 0.06935369987458767, 0.05462721333772336, 0.037098483192533914, 0.06204005985720464, 0.08832370261037172, 0.0, 0.08385129927558126], [0.06001180545111429, 0.11297329788720825, 0.09577255054558398, 0.08748885901731726, 0.0937981128381537, 0.12082049829632704, 0.08385129927558126, 0.0]], [[0.0, 0.055523956617022814, 0.0790620865201378, 0.07765485407154889, 0.08810788863833906, 0.09397820805294722, 0.09487153583549779, 0.06267538626949345], [0.055523956617022814, 0.0, 0.044334672106097844, 0.034469953629260947, 0.08831684155065078, 0.06831974170009043, 0.07284679822787674, 0.038865113809631834], [0.0790620865201378, 0.044334672106097844, 0.0, 0.054315556667750294, 0.10572322599022613, 0.07608704667854195, 0.07137397757601459, 0.051432665311627136], [0.07765485407154889, 0.034469953629260947, 0.054315556667750294, 0.0, 0.09008632131721506, 0.06267739440035522, 0.07005412208006814, 0.03587483891681444], [0.08810788863833906, 0.08831684155065078, 0.10572322599022613, 0.09008632131721506, 0.0, 0.10294610186657041, 0.11089313440595212, 0.09358724826592782], [0.09397820805294722, 0.06831974170009043, 0.07608704667854195, 0.06267739440035522, 0.10294610186657041, 0.0, 0.07452270703114049, 0.06444088531352576], [0.09487153583549779, 0.07284679822787674, 0.07137397757601459, 0.07005412208006814, 0.11089313440595212, 0.07452270703114049, 0.0, 0.06533263854699244], [0.06267538626949345, 0.038865113809631834, 0.051432665311627136, 0.03587483891681444, 0.09358724826592782, 0.06444088531352576, 0.06533263854699244, 0.0]], [[0.0, 0.05112653585603949, 0.0700926750782414, 0.055096203548157106, 0.06967477840669968, 0.09553024655205648, 0.0656370110967142, 0.06812017328327699], [0.05112653585603949, 0.0, 0.0543898056471948, 0.04674310284799118, 0.06271904319889707, 0.10315055607525471, 0.05282275094821476, 0.06869620677702444], [0.0700926750782414, 0.0543898056471948, 0.0, 0.04512545790219428, 0.07220691346311371, 0.11240953329235198, 0.07926358157921799, 0.07228250863233482], [0.055096203548157106, 0.04674310284799118, 0.04512545790219428, 0.0, 0.05684564084910864, 0.09777052798220491, 0.06446356125635552, 0.0726538303520143], [0.06967477840669968, 0.06271904319889707, 0.07220691346311371, 0.05684564084910864, 0.0, 0.09335131808979152, 0.07103551921089697, 0.08994772637993008], [0.09553024655205648, 0.10315055607525471, 0.11240953329235198, 0.09777052798220491, 0.09335131808979152, 0.0, 0.09620013939220562, 0.10696435835382481], [0.0656370110967142, 0.05282275094821476, 0.07926358157921799, 0.06446356125635552, 0.07103551921089697, 0.09620013939220562, 0.0, 0.0675835546636359], [0.06812017328327699, 0.06869620677702444, 0.07228250863233482, 0.0726538303520143, 0.08994772637993008, 0.10696435835382481, 0.0675835546636359, 0.0]], [[0.0, 0.08645899208621949, 0.08661359207827654, 0.09060551311569807, 0.08839879589915381, 0.09419380047619885, 0.09225810757772215, 0.0831163865789427], [0.08645899208621949, 0.0, 0.06766234041040632, 0.09951603242963522, 0.08033337656592154, 0.07450204733074872, 0.07551508572295487, 0.0711158687852238], [0.08661359207827654, 0.06766234041040632, 0.0, 0.07086269340654068, 0.06550860653490408, 0.05198142711703126, 0.05881154523665444, 0.049246690966138436], [0.09060551311569807, 0.09951603242963522, 0.07086269340654068, 0.0, 0.08926121609430449, 0.10206892121418189, 0.10340214348088983, 0.0960699499806441], [0.08839879589915381, 0.08033337656592154, 0.06550860653490408, 0.08926121609430449, 0.0, 0.05833935157639469, 0.06384514370847397, 0.05577475021693047], [0.09419380047619885, 0.07450204733074872, 0.05198142711703126, 0.10206892121418189, 0.05833935157639469, 0.0, 0.027914752911450624, 0.020896635502272564], [0.09225810757772215, 0.07551508572295487, 0.05881154523665444, 0.10340214348088983, 0.06384514370847397, 0.027914752911450624, 0.0, 0.026612484842861373], [0.0831163865789427, 0.0711158687852238, 0.049246690966138436, 0.0960699499806441, 0.05577475021693047, 0.020896635502272564, 0.026612484842861373, 0.0]], [[0.0, 0.0205408371857875, 0.08034079417248871, 0.07532923099361377, 0.07489617158903253, 0.08522123403315951, 0.0664525233800718, 0.05690736123134347], [0.0205408371857875, 0.0, 0.07832304315275723, 0.07393593999369577, 0.07677052658096156, 0.07950999176940426, 0.0711515493793313, 0.06629537667578457], [0.08034079417248871, 0.07832304315275723, 0.0, 0.07579188882736247, 0.09580826918981941, 0.09335906120128973, 0.0885618638043188, 0.09435062923699905], [0.07532923099361377, 0.07393593999369577, 0.07579188882736247, 0.0, 0.07221850731121623, 0.08086216919316368, 0.07621232786658798, 0.08070529032622017], [0.07489617158903253, 0.07677052658096156, 0.09580826918981941, 0.07221850731121623, 0.0, 0.09764784821476248, 0.08322063963321727, 0.08135524929198526], [0.08522123403315951, 0.07950999176940426, 0.09335906120128973, 0.08086216919316368, 0.09764784821476248, 0.0, 0.07719903289902649, 0.08868699660194143], [0.0664525233800718, 0.0711515493793313, 0.0885618638043188, 0.07621232786658798, 0.08322063963321727, 0.07719903289902649, 0.0, 0.05832786426796424], [0.05690736123134347, 0.06629537667578457, 0.09435062923699905, 0.08070529032622017, 0.08135524929198526, 0.08868699660194143, 0.05832786426796424, 0.0]], [[0.0, 0.08120980703393597, 0.07607905876198352, 0.09764275130222698, 0.07364776111406059, 0.08271171821184972, 0.0843136426693373, 0.11390814214984692], [0.08120980703393597, 0.0, 0.05353748494867092, 0.07906302431373706, 0.055997078601861684, 0.06312388660752515, 0.07410517557028398, 0.09775083618016228], [0.07607905876198352, 0.05353748494867092, 0.0, 0.0605795855927451, 0.04026128109362735, 0.051878009379810554, 0.06361093734720205, 0.09789306467204341], [0.09764275130222698, 0.07906302431373706, 0.0605795855927451, 0.0, 0.0662225416240658, 0.07002380038970141, 0.07638307442785203, 0.10448749468767299], [0.07364776111406059, 0.055997078601861684, 0.04026128109362735, 0.0662225416240658, 0.0, 0.04824895464655413, 0.0528937934132269, 0.09314598777261239], [0.08271171821184972, 0.06312388660752515, 0.051878009379810554, 0.07002380038970141, 0.04824895464655413, 0.0, 0.06526376130397839, 0.10581739819733643], [0.0843136426693373, 0.07410517557028398, 0.06361093734720205, 0.07638307442785203, 0.0528937934132269, 0.06526376130397839, 0.0, 0.09197429549667988], [0.11390814214984692, 0.09775083618016228, 0.09789306467204341, 0.10448749468767299, 0.09314598777261239, 0.10581739819733643, 0.09197429549667988, 0.0]]]