[[[0.0, 0.047991149785549914, 0.03822848885600806, 0.05132143353974471, 0.040316071674018, 0.1079315233906709, 0.09518960752759424, 0.03497179941760417], [0.047991149785549914, 0.0, 0.05363295683260182, 0.06458826945960024, 0.059969251644699406, 0.10613038797045732, 0.09765769658106244, 0.05884308802591531], [0.03822848885600806, 0.05363295683260182, 0.0, 0.05133727025357318, 0.05119817243625446, 0.10441832164619395, 0.09244808639348312, 0.047163567143868414], [0.05132143353974471, 0.06458826945960024, 0.05133727025357318, 0.0, 0.04933646940752784, 0.09619193652151888, 0.09239364001576429, 0.05576002923818067], [0.040316071674018, 0.059969251644699406, 0.05119817243625446, 0.04933646940752784, 0.0, 0.09104145762527634, 0.08795381419427797, 0.04887057590394314], [0.1079315233906709, 0.10613038797045732, 0.10441832164619395, 0.09619193652151888, 0.09104145762527634, 0.0, 0.0778627772537563, 0.1043325610217404], [0.09518960752759424, 0.09765769658106244, 0.09244808639348312, 0.09239364001576429, 0.08795381419427797, 0.0778627772537563, 0.0, 0.08384645165276951], [0.03497179941760417, 0.05884308802591531, 0.047163567143868414, 0.05576002923818067, 0.04887057590394314, 0.1043325610217404, 0.08384645165276951, 0.0]], [[0.0, 0.06267004154129388, 0.07234281712863194, 0.0879791361555407, 0.08830726406600437, 0.07377640318722954, 0.07264126960908358, 0.07220665050355568], [0.06267004154129388, 0.0, 0.053845395804256076, 0.08071242701763072, 0.07656331031177144, 0.06318458805179888, 0.06523467408103581, 0.08185965245935625], [0.07234281712863194, 0.053845395804256076, 0.0, 0.06523923352743184, 0.07412239747908447, 0.040729706799327164, 0.03697232269584221, 0.07506819450836656], [0.0879791361555407, 0.08071242701763072, 0.06523923352743184, 0.0, 0.07334392480041949, 0.0730471267786362, 0.07145304892041036, 0.08994785143148779], [0.08830726406600437, 0.07656331031177144, 0.07412239747908447, 0.07334392480041949, 0.0, 0.07088513071242143, 0.07822463478153743, 0.09303233198376587], [0.07377640318722954, 0.06318458805179888, 0.040729706799327164, 0.0730471267786362, 0.07088513071242143, 0.0, 0.039341060731563265, 0.0778528345205984], [0.07264126960908358, 0.06523467408103581, 0.03697232269584221, 0.07145304892041036, 0.07822463478153743, 0.039341060731563265, 0.0, 0.06695020884695306], [0.07220665050355568, 0.08185965245935625, 0.07506819450836656, 0.08994785143148779, 0.09303233198376587, 0.0778528345205984, 0.06695020884695306, 0.0]], [[0.0, 0.0664441636417534, 0.07009669082823139, 0.09932974277535356, 0.1034538386153811, 0.07443550582175293, 0.07525708730620237, 0.057714435510962114], [0.0664441636417534, 0.0, 0.035133018902930954, 0.09390646821460302, 0.09623901350266496, 0.0552535925207653, 0.055282435248460514, 0.048495949668606105], [0.07009669082823139, 0.035133018902930954, 0.0, 0.09205243508246608, 0.09415483300213179, 0.0405208914671045, 0.04206545498036786, 0.03365460165450202], [0.09932974277535356, 0.09390646821460302, 0.09205243508246608, 0.0, 0.09733440905510467, 0.09427081882647517, 0.10199161359684206, 0.09927744447463518], [0.1034538386153811, 0.09623901350266496, 0.09415483300213179, 0.09733440905510467, 0.0, 0.07798431052206158, 0.09163818044036681, 0.09206536499900962], [0.07443550582175293, 0.0552535925207653, 0.0405208914671045, 0.09427081882647517, 0.07798431052206158, 0.0, 0.04526995492123709, 0.04280227011645286], [0.07525708730620237, 0.055282435248460514, 0.04206545498036786, 0.10199161359684206, 0.09163818044036681, 0.04526995492123709, 0.0, 0.043180239507106796], [0.057714435510962114, 0.048495949668606105, 0.03365460165450202, 0.09927744447463518, 0.09206536499900962, 0.04280227011645286, 0.043180239507106796, 0.0]], [[0.0, 0.08115199253927147, 0.05063612755222083, 0.07400400787469212, 0.04967461085498672, 0.061683753538532234, 0.05927497633983384, 0.05734261303851207], [0.08115199253927147, 0.0, 0.0872388854689047, 0.09523967613378345, 0.09635220600048575, 0.09169962374093782, 0.09306035131687462, 0.09958632179261719], [0.05063612755222083, 0.0872388854689047, 0.0, 0.05765785899145638, 0.040938514646137236, 0.05985842013824723, 0.06020838550056271, 0.06689162785017234], [0.07400400787469212, 0.09523967613378345, 0.05765785899145638, 0.0, 0.05962757294937705, 0.0772274073941002, 0.0748327027884584, 0.07952579378536635], [0.04967461085498672, 0.09635220600048575, 0.040938514646137236, 0.05962757294937705, 0.0, 0.0532480908741975, 0.05720463858128015, 0.06274918492897957], [0.061683753538532234, 0.09169962374093782, 0.05985842013824723, 0.0772274073941002, 0.0532480908741975, 0.0, 0.05562547985905633, 0.07244754205036574], [0.05927497633983384, 0.09306035131687462, 0.06020838550056271, 0.0748327027884584, 0.05720463858128015, 0.05562547985905633, 0.0, 0.06213536199424933], [0.05734261303851207, 0.09958632179261719, 0.06689162785017234, 0.07952579378536635, 0.06274918492897957, 0.07244754205036574, 0.06213536199424933, 0.0]], [[0.0, 0.07167744728039038, 0.08171126077140807, 0.07140611967342159, 0.07117300599603357, 0.07506118373806309, 0.0783647157384087, 0.06935737410679724], [0.07167744728039038, 0.0, 0.06958120148641407, 0.07497200103332544, 0.08173783428964809, 0.07883025849067862, 0.08185530941545995, 0.07989203628769644], [0.08171126077140807, 0.06958120148641407, 0.0, 0.06414524416587739, 0.07649360144905952, 0.07574007522045252, 0.08310316060744573, 0.088267505430133], [0.07140611967342159, 0.07497200103332544, 0.06414524416587739, 0.0, 0.04192138964299266, 0.04070057608259431, 0.0662407822633296, 0.07658006643360835], [0.07117300599603357, 0.08173783428964809, 0.07649360144905952, 0.04192138964299266, 0.0, 0.029070202214961198, 0.0613511942544417, 0.07548011708809399], [0.07506118373806309, 0.07883025849067862, 0.07574007522045252, 0.04070057608259431, 0.029070202214961198, 0.0, 0.051433815537647955, 0.07526884105106244], [0.0783647157384087, 0.08185530941545995, 0.08310316060744573, 0.0662407822633296, 0.0613511942544417, 0.051433815537647955, 0.0, 0.074156732814191], [0.06935737410679724, 0.07989203628769644, 0.088267505430133, 0.07658006643360835, 0.07548011708809399, 0.07526884105106244, 0.074156732814191, 0.0]], [[0.0, 0.06882435371921722, 0.06002952317429908, 0.08546662151576988, 0.0753643959729747, 0.06194038018953382, 0.0660135853605299, 0.07834423313007202], [0.06882435371921722, 0.0, 0.06047236733815064, 0.08238238428037634, 0.07055871871094829, 0.061569076616929994, 0.07182929372747075, 0.09835445360137084], [0.06002952317429908, 0.06047236733815064, 0.0, 0.06696502481587235, 0.0536708180529843, 0.033026580101723234, 0.04314947961831035, 0.09186454799122745], [0.08546662151576988, 0.08238238428037634, 0.06696502481587235, 0.0, 0.06100280996895758, 0.07435232004607167, 0.07628450278155838, 0.10609110486225681], [0.0753643959729747, 0.07055871871094829, 0.0536708180529843, 0.06100280996895758, 0.0, 0.04855548753618093, 0.06201289245848226, 0.09705371613592956], [0.06194038018953382, 0.061569076616929994, 0.033026580101723234, 0.07435232004607167, 0.04855548753618093, 0.0, 0.04798424593143875, 0.09105227556410676], [0.0660135853605299, 0.07182929372747075, 0.04314947961831035, 0.07628450278155838, 0.06201289245848226, 0.04798424593143875, 0.0, 0.08049774748155318], [0.07834423313007202, 0.09835445360137084, 0.09186454799122745, 0.10609110486225681, 0.09705371613592956, 0.09105227556410676, 0.08049774748155318, 0.0]], [[0.0, 0.07409932242536316, 0.08848741445173657, 0.0916841214928053, 0.08656767482591811, 0.07764456962425967, 0.08321821231345351, 0.08059908771788171], [0.07409932242536316, 0.0, 0.05782908779515416, 0.06510745699430268, 0.06871540355957549, 0.08460943601009388, 0.05819837583598592, 0.06293556371433269], [0.08848741445173657, 0.05782908779515416, 0.0, 0.041622285389870624, 0.06176620029519758, 0.0832871312951872, 0.05206099995611144, 0.058039103782440864], [0.0916841214928053, 0.06510745699430268, 0.041622285389870624, 0.0, 0.05489388369608495, 0.07760141305673436, 0.05124398580229086, 0.05916622649720454], [0.08656767482591811, 0.06871540355957549, 0.06176620029519758, 0.05489388369608495, 0.0, 0.0668070753413448, 0.057376166717194386, 0.06282827272146792], [0.07764456962425967, 0.08460943601009388, 0.0832871312951872, 0.07760141305673436, 0.0668070753413448, 0.0, 0.07855396622830998, 0.08247721442689539], [0.08321821231345351, 0.05819837583598592, 0.05206099995611144, 0.05124398580229086, 0.057376166717194386, 0.07855396622830998, 0.0, 0.04309908124260582], [0.08059908771788171, 0.06293556371433269, 0.058039103782440864, 0.05916622649720454, 0.06282827272146792, 0.08247721442689539, 0.04309908124260582, 0.0]], [[0.0, 0.07780419342631228, 0.06412431492435464, 0.07451192509120433, 0.10228519751851159, 0.059416645536100994, 0.0622210938862245, 0.055086251648160625], [0.07780419342631228, 0.0, 0.07153870840933364, 0.0842695780715081, 0.10062324020288736, 0.07872079697052266, 0.0865215550732466, 0.08676901608795695], [0.06412431492435464, 0.07153870840933364, 0.0, 0.05774197219725595, 0.09842282705901764, 0.050942382680797385, 0.05022016669102634, 0.0435437189210846], [0.07451192509120433, 0.0842695780715081, 0.05774197219725595, 0.0, 0.07483366784215353, 0.057482589622199175, 0.06106220167145701, 0.05989887694918496], [0.10228519751851159, 0.10062324020288736, 0.09842282705901764, 0.07483366784215353, 0.0, 0.08759461412985721, 0.099918979222358, 0.10289928278379253], [0.059416645536100994, 0.07872079697052266, 0.050942382680797385, 0.057482589622199175, 0.08759461412985721, 0.0, 0.04397550127507392, 0.04043405278417103], [0.0622210938862245, 0.0865215550732466, 0.05022016669102634, 0.06106220167145701, 0.099918979222358, 0.04397550127507392, 0.0, 0.032330803043660865], [0.055086251648160625, 0.08676901608795695, 0.0435437189210846, 0.05989887694918496, 0.10289928278379253, 0.04043405278417103, 0.032330803043660865, 0.0]], [[0.0, 0.06661299771060336, 0.05813615295087592, 0.052506606736320405, 0.05394480489156087, 0.0726265584484372, 0.10139430451628645, 0.04783532547698413], [0.06661299771060336, 0.0, 0.06990638937876545, 0.08034100584230999, 0.0794876779420464, 0.08926758935193412, 0.10291393330178931, 0.0789416593883881], [0.05813615295087592, 0.06990638937876545, 0.0, 0.0455444619230108, 0.0427164183905144, 0.06588667739130397, 0.09799693275271798, 0.06245026816752427], [0.052506606736320405, 0.08034100584230999, 0.0455444619230108, 0.0, 0.04392591400375641, 0.06761500453347544, 0.09916377653883703, 0.0626677737315209], [0.05394480489156087, 0.0794876779420464, 0.0427164183905144, 0.04392591400375641, 0.0, 0.05373208285552449, 0.0948629831109961, 0.05250460752286924], [0.0726265584484372, 0.08926758935193412, 0.06588667739130397, 0.06761500453347544, 0.05373208285552449, 0.0, 0.08002728218998113, 0.05852111376203721], [0.10139430451628645, 0.10291393330178931, 0.09799693275271798, 0.09916377653883703, 0.0948629831109961, 0.08002728218998113, 0.0, 0.08528123479322022], [0.04783532547698413, 0.0789416593883881, 0.06245026816752427, 0.0626677737315209, 0.05250460752286924, 0.05852111376203721, 0.08528123479322022, 0.0]], [[0.0, 0.069517819651703, 0.06885916270521361, 0.06648332407003538, 0.09161171376049726, 0.08642647447454603, 0.06532462891730761, 0.06419464875636635], [0.069517819651703, 0.0, 0.05786705735747496, 0.060442883422355376, 0.09970415528521656, 0.08466785518895052, 0.05964414222294906, 0.06761572890802338], [0.06885916270521361, 0.05786705735747496, 0.0, 0.03658249699722217, 0.09428577590782787, 0.08160515587986586, 0.05106871608584061, 0.05158874763001835], [0.06648332407003538, 0.060442883422355376, 0.03658249699722217, 0.0, 0.08569293494387559, 0.07179017412065138, 0.04420356998915593, 0.04795183183415278], [0.09161171376049726, 0.09970415528521656, 0.09428577590782787, 0.08569293494387559, 0.0, 0.07884584030418029, 0.09395704172293445, 0.09252723823167162], [0.08642647447454603, 0.08466785518895052, 0.08160515587986586, 0.07179017412065138, 0.07884584030418029, 0.0, 0.06424340077406979, 0.07988177625073344], [0.06532462891730761, 0.05964414222294906, 0.05106871608584061, 0.04420356998915593, 0.09395704172293445, 0.06424340077406979, 0.0, 0.04615446509204272], [0.06419464875636635, 0.06761572890802338, 0.05158874763001835, 0.04795183183415278, 0.09252723823167162, 0.07988177625073344, 0.04615446509204272, 0.0]], [[0.0, 0.05896658857648063, 0.08427499438389909, 0.08080318897540456, 0.06885575657150124, 0.07663362668142065, 0.06513934618950129, 0.05637866855286252], [0.05896658857648063, 0.0, 0.07322857325005767, 0.07230924369443739, 0.06153925234314657, 0.07065778931879589, 0.059810804189486706, 0.05587250011433791], [0.08427499438389909, 0.07322857325005767, 0.0, 0.05683893231623125, 0.07749439790424045, 0.08662394618971808, 0.08365722763494342, 0.07579206240515017], [0.08080318897540456, 0.07230924369443739, 0.05683893231623125, 0.0, 0.05225103974985758, 0.06051766616034047, 0.06547444439164143, 0.0699524878478453], [0.06885575657150124, 0.06153925234314657, 0.07749439790424045, 0.05225103974985758, 0.0, 0.053977332485441426, 0.06041175428055635, 0.05986617735863043], [0.07663362668142065, 0.07065778931879589, 0.08662394618971808, 0.06051766616034047, 0.053977332485441426, 0.0, 0.0564729690992006, 0.06486586563423478], [0.06513934618950129, 0.059810804189486706, 0.08365722763494342, 0.06547444439164143, 0.06041175428055635, 0.0564729690992006, 0.0, 0.0467380027726822], [0.05637866855286252, 0.05587250011433791, 0.07579206240515017, 0.0699524878478453, 0.05986617735863043, 0.06486586563423478, 0.0467380027726822, 0.0]], [[0.0, 0.07654564525017495, 0.09288614323713702, 0.09903313590715826, 0.11485975307679308, 0.09147647989567273, 0.09205460326211684, 0.08572243229402751], [0.07654564525017495, 0.0, 0.050360133920493495, 0.08189467576374539, 0.10902762052793778, 0.054400188190768056, 0.04538487250624013, 0.05171224553292198], [0.09288614323713702, 0.050360133920493495, 0.0, 0.07133831820853821, 0.10415232818583696, 0.05005763415494091, 0.03961649734870519, 0.04930068515515124], [0.09903313590715826, 0.08189467576374539, 0.07133831820853821, 0.0, 0.08846533582369212, 0.07576328472969683, 0.0789589306000447, 0.07740815414351745], [0.11485975307679308, 0.10902762052793778, 0.10415232818583696, 0.08846533582369212, 0.0, 0.09435073911868415, 0.10866668223814786, 0.09799733586976758], [0.09147647989567273, 0.054400188190768056, 0.05005763415494091, 0.07576328472969683, 0.09435073911868415, 0.0, 0.03688113679778384, 0.0402743616486865], [0.09205460326211684, 0.04538487250624013, 0.03961649734870519, 0.0789589306000447, 0.10866668223814786, 0.03688113679778384, 0.0, 0.03148901515527913], [0.08572243229402751, 0.05171224553292198, 0.04930068515515124, 0.07740815414351745, 0.09799733586976758, 0.0402743616486865, 0.03148901515527913, 0.0]], [[0.0, 0.06806802901439156, 0.07407786421457441, 0.07073901087455263, 0.07103992187943807, 0.07946275764929545, 0.05941797701865307, 0.05524735837978558], [0.06806802901439156, 0.0, 0.07573881960024505, 0.07920351889571839, 0.08439787556474064, 0.08697280450680461, 0.07620186677733326, 0.07842467725356327], [0.07407786421457441, 0.07573881960024505, 0.0, 0.05872134778792406, 0.06305339751748262, 0.08624885514317823, 0.06743894016658263, 0.06710657216318862], [0.07073901087455263, 0.07920351889571839, 0.05872134778792406, 0.0, 0.06060782439900058, 0.08605884585959434, 0.06336414489109281, 0.05851638654384774], [0.07103992187943807, 0.08439787556474064, 0.06305339751748262, 0.06060782439900058, 0.0, 0.07129963094984933, 0.0584570465737501, 0.05844295855555603], [0.07946275764929545, 0.08697280450680461, 0.08624885514317823, 0.08605884585959434, 0.07129963094984933, 0.0, 0.07541094512766619, 0.0759756598552542], [0.05941797701865307, 0.07620186677733326, 0.06743894016658263, 0.06336414489109281, 0.0584570465737501, 0.07541094512766619, 0.0, 0.04064287766302122], [0.05524735837978558, 0.07842467725356327, 0.06710657216318862, 0.05851638654384774, 0.05844295855555603, 0.0759756598552542, 0.04064287766302122, 0.0]], [[0.0, 0.08027500381633619, 0.06411106265118714, 0.06281734182052746, 0.061299420220327056, 0.08819439891801767, 0.0617160028339684, 0.059964168307083884], [0.08027500381633619, 0.0, 0.09559467857826527, 0.10725398897294534, 0.10723626013533737, 0.11444364558619355, 0.09893993911173944, 0.10104072849743313], [0.06411106265118714, 0.09559467857826527, 0.0, 0.04299437426533116, 0.040491013066415844, 0.0769810921441793, 0.06252558908676385, 0.06116622930093397], [0.06281734182052746, 0.10725398897294534, 0.04299437426533116, 0.0, 0.034319514183890336, 0.08233324111621897, 0.060739688733153094, 0.06344168130529722], [0.061299420220327056, 0.10723626013533737, 0.040491013066415844, 0.034319514183890336, 0.0, 0.07238388971182942, 0.05122519781239778, 0.054315108687192616], [0.08819439891801767, 0.11444364558619355, 0.0769810921441793, 0.08233324111621897, 0.07238388971182942, 0.0, 0.06479022028366847, 0.08408570203552514], [0.0617160028339684, 0.09893993911173944, 0.06252558908676385, 0.060739688733153094, 0.05122519781239778, 0.06479022028366847, 0.0, 0.05675942587425762], [0.059964168307083884, 0.10104072849743313, 0.06116622930093397, 0.06344168130529722, 0.054315108687192616, 0.08408570203552514, 0.05675942587425762, 0.0]], [[0.0, 0.07584214377186983, 0.06597915542705465, 0.04558416757898227, 0.0853922965611473, 0.044182185966715776, 0.07187049481327465, 0.048200241960663325], [0.07584214377186983, 0.0, 0.07088624538199974, 0.07736887986423525, 0.08748988081471983, 0.0790430170426697, 0.09889939314252512, 0.09047631842923279], [0.06597915542705465, 0.07088624538199974, 0.0, 0.05056450653219409, 0.0888109817566276, 0.060532365651176964, 0.07540059999089939, 0.06397486741571844], [0.04558416757898227, 0.07736887986423525, 0.05056450653219409, 0.0, 0.07036133922871365, 0.03961194354845146, 0.06444866115418131, 0.039328097455524624], [0.0853922965611473, 0.08748988081471983, 0.0888109817566276, 0.07036133922871365, 0.0, 0.07713633272597617, 0.09372507073195081, 0.08314338523578897], [0.044182185966715776, 0.0790430170426697, 0.060532365651176964, 0.03961194354845146, 0.07713633272597617, 0.0, 0.05490791852348798, 0.03953552947547169], [0.07187049481327465, 0.09889939314252512, 0.07540059999089939, 0.06444866115418131, 0.09372507073195081, 0.05490791852348798, 0.0, 0.054381442054808396], [0.048200241960663325, 0.09047631842923279, 0.06397486741571844, 0.039328097455524624, 0.08314338523578897, 0.03953552947547169, 0.054381442054808396, 0.0]], [[0.0, 0.078846005775881, 0.059003922372037894, 0.06401581175546109, 0.07973206598150445, 0.07583612439924774, 0.04806726339552323, 0.03646441165519789], [0.078846005775881, 0.0, 0.0770039640340453, 0.09023110595101592, 0.09859286132225818, 0.09464119529522068, 0.08743250841451826, 0.09069093892709867], [0.059003922372037894, 0.0770039640340453, 0.0, 0.05310756305994889, 0.07747214906435478, 0.08602117140580386, 0.06305568354903895, 0.057871871079707746], [0.06401581175546109, 0.09023110595101592, 0.05310756305994889, 0.0, 0.06931038122339311, 0.08406639571520601, 0.06462618428630637, 0.06014755279079173], [0.07973206598150445, 0.09859286132225818, 0.07747214906435478, 0.06931038122339311, 0.0, 0.0816123113785947, 0.08051581153178698, 0.08011821917584283], [0.07583612439924774, 0.09464119529522068, 0.08602117140580386, 0.08406639571520601, 0.0816123113785947, 0.0, 0.07276368121276808, 0.0800969152156246], [0.04806726339552323, 0.08743250841451826, 0.06305568354903895, 0.06462618428630637, 0.08051581153178698, 0.07276368121276808, 0.0, 0.0318358751383871], [0.03646441165519789, 0.09069093892709867, 0.057871871079707746, 0.06014755279079173, 0.08011821917584283, 0.0800969152156246, 0.0318358751383871, 0.0]], [[0.0, 0.05199840325017341, 0.06607499104865332, 0.07231008033843314, 0.06364609190555509, 0.06907556077172564, 0.08264375097203269, 0.06457779461480287], [0.05199840325017341, 0.0, 0.05303753127601609, 0.05975304764271586, 0.05283499685822255, 0.06341319467348322, 0.07728040257008052, 0.06254185034674369], [0.06607499104865332, 0.05303753127601609, 0.0, 0.052818836345075185, 0.06893628338617581, 0.07107147408944323, 0.07687114243791784, 0.06949917269773558], [0.07231008033843314, 0.05975304764271586, 0.052818836345075185, 0.0, 0.05913135385727898, 0.0679994103288013, 0.07875621976210048, 0.07439901550537473], [0.06364609190555509, 0.05283499685822255, 0.06893628338617581, 0.05913135385727898, 0.0, 0.052225977941038525, 0.07420593586975491, 0.06434477234947986], [0.06907556077172564, 0.06341319467348322, 0.07107147408944323, 0.0679994103288013, 0.052225977941038525, 0.0, 0.06767830295631817, 0.07274702466966199], [0.08264375097203269, 0.07728040257008052, 0.07687114243791784, 0.07875621976210048, 0.07420593586975491, 0.06767830295631817, 0.0, 0.06173999534535742], [0.06457779461480287, 0.06254185034674369, 0.06949917269773558, 0.07439901550537473, 0.06434477234947986, 0.07274702466966199, 0.06173999534535742, 0.0]], [[0.0, 0.06055110876618245, 0.0895277092812792, 0.08213513795002225, 0.043048652384656674, 0.08159230956506854, 0.05033700801232806, 0.04890463066760145], [0.06055110876618245, 0.0, 0.07457927036114037, 0.08571088586565356, 0.061424734189430695, 0.08400575995452442, 0.062461147039433375, 0.060323451476720455], [0.0895277092812792, 0.07457927036114037, 0.0, 0.08688484747215343, 0.08495681474130164, 0.09272410606533474, 0.08722274653751942, 0.08328190555405461], [0.08213513795002225, 0.08571088586565356, 0.08688484747215343, 0.0, 0.06622449852753651, 0.09392763100770551, 0.07234734122758829, 0.07389040953604564], [0.043048652384656674, 0.061424734189430695, 0.08495681474130164, 0.06622449852753651, 0.0, 0.0651379342335216, 0.03333631928101619, 0.04124446585238966], [0.08159230956506854, 0.08400575995452442, 0.09272410606533474, 0.09392763100770551, 0.0651379342335216, 0.0, 0.06830466027598758, 0.07347476436870604], [0.05033700801232806, 0.062461147039433375, 0.08722274653751942, 0.07234734122758829, 0.03333631928101619, 0.06830466027598758, 0.0, 0.03634587265534208], [0.04890463066760145, 0.060323451476720455, 0.08328190555405461, 0.07389040953604564, 0.04124446585238966, 0.07347476436870604, 0.03634587265534208, 0.0]], [[0.0, 0.06988325416184442, 0.06509913411601155, 0.06114489677907695, 0.07194949625899646, 0.0905182209792426, 0.06353031411064332, 0.06612964644576382], [0.06988325416184442, 0.0, 0.06350126281171513, 0.06541666648117332, 0.07384534652931897, 0.08915414932572978, 0.06740336104436774, 0.07880904732692227], [0.06509913411601155, 0.06350126281171513, 0.0, 0.04205802546177568, 0.05909459215538957, 0.08705855250346055, 0.04769032243530146, 0.0651969935314818], [0.06114489677907695, 0.06541666648117332, 0.04205802546177568, 0.0, 0.05249597895729833, 0.08552475437905323, 0.04534849048965555, 0.06366778254593189], [0.07194949625899646, 0.07384534652931897, 0.05909459215538957, 0.05249597895729833, 0.0, 0.07301650907150684, 0.05440547205849381, 0.07006600745198975], [0.0905182209792426, 0.08915414932572978, 0.08705855250346055, 0.08552475437905323, 0.07301650907150684, 0.0, 0.07513586382170806, 0.08963903821882928], [0.06353031411064332, 0.06740336104436774, 0.04769032243530146, 0.04534849048965555, 0.05440547205849381, 0.07513586382170806, 0.0, 0.05602444018844591], [0.06612964644576382, 0.07880904732692227, 0.0651969935314818, 0.06366778254593189, 0.07006600745198975, 0.08963903821882928, 0.05602444018844591, 0.0]], [[0.0, 0.0820351892525674, 0.10174235557122423, 0.06019783074671794, 0.06457834117155176, 0.05576793568045085, 0.06220579186749664, 0.06368321677250635], [0.0820351892525674, 0.0, 0.08438741458227375, 0.09025735223102663, 0.09719643386157031, 0.09047084891562177, 0.09614532999112213, 0.09666959533076354], [0.10174235557122423, 0.08438741458227375, 0.0, 0.08844976701406351, 0.10222678481803399, 0.10054217257204466, 0.10624655986923273, 0.09570314710750191], [0.06019783074671794, 0.09025735223102663, 0.08844976701406351, 0.0, 0.05152369744868856, 0.03637315719761076, 0.056274720508011696, 0.04109363420733242], [0.06457834117155176, 0.09719643386157031, 0.10222678481803399, 0.05152369744868856, 0.0, 0.05368996313602853, 0.0656220754989885, 0.0642429409033498], [0.05576793568045085, 0.09047084891562177, 0.10054217257204466, 0.03637315719761076, 0.05368996313602853, 0.0, 0.04677238246621771, 0.05160584753969917], [0.06220579186749664, 0.09614532999112213, 0.10624655986923273, 0.056274720508011696, 0.0656220754989885, 0.04677238246621771, 0.0, 0.05941434449262149], [0.06368321677250635, 0.09666959533076354, 0.09570314710750191, 0.04109363420733242, 0.0642429409033498, 0.05160584753969917, 0.05941434449262149, 0.0]]]