[[[0.0, 0.07583060738563054, 0.06644970273207886, 0.04860129223480838, 0.03579503380871774, 0.024528655218450865, 0.05637696842299394, 0.09397565504566102], [0.07583060738563054, 0.0, 0.041452695918716684, 0.05209598092194659, 0.058419678400418736, 0.08844850745583487, 0.03868676720096666, 0.031062584495561575], [0.06644970273207886, 0.041452695918716684, 0.0, 0.02664574901791643, 0.037709050698468936, 0.08148612033788687, 0.05353312081643291, 0.06595227070852548], [0.04860129223480838, 0.05209598092194659, 0.02664574901791643, 0.0, 0.015843229855034894, 0.06612817755231333, 0.05445327369478567, 0.07630203002253577], [0.03579503380871774, 0.058419678400418736, 0.037709050698468936, 0.015843229855034894, 0.0, 0.05439822518105902, 0.052518271510363555, 0.0804676424891492], [0.024528655218450865, 0.08844850745583487, 0.08148612033788687, 0.06612817755231333, 0.05439822518105902, 0.0, 0.06492219973597155, 0.10456430654289384], [0.05637696842299394, 0.03868676720096666, 0.05353312081643291, 0.05445327369478567, 0.052518271510363555, 0.06492219973597155, 0.0, 0.04278277538434593], [0.09397565504566102, 0.031062584495561575, 0.06595227070852548, 0.07630203002253577, 0.0804676424891492, 0.10456430654289384, 0.04278277538434593, 0.0]], [[0.0, 0.1925575365166162, 0.15116776042420044], [0.1925575365166162, 0.0, 0.24899932928880888], [0.15116776042420044, 0.24899932928880888, 0.0]], [[0.0, 0.2713033625576724, 0.31792655354211863, 0.2422880454027814], [0.2713033625576724, 0.0, 0.11568665515777281, 0.053815449707217265], [0.31792655354211863, 0.11568665515777281, 0.0, 0.11384940391355151], [0.2422880454027814, 0.053815449707217265, 0.11384940391355151, 0.0]], [[0.0, 0.10343946257115795, 0.1493879778181045, 0.1268387322972859], [0.10343946257115795, 0.0, 0.09096596627885457, 0.2052825944331235], [0.1493879778181045, 0.09096596627885457, 0.0, 0.25819185001028927], [0.1268387322972859, 0.2052825944331235, 0.25819185001028927, 0.0]], [[0.0, 0.2019850606085813, 0.35299690879682494], [0.2019850606085813, 0.0, 0.22410119268179268], [0.35299690879682494, 0.22410119268179268, 0.0]], [[0.0, 0.06172212571073463, 0.10472035609039738, 0.10549035786140722, 0.07108162764493328], [0.06172212571073463, 0.0, 0.14687601267639927, 0.1461689604675282, 0.11447895310500426], [0.10472035609039738, 0.14687601267639927, 0.0, 0.028295134409687835, 0.044310144425100666], [0.10549035786140722, 0.1461689604675282, 0.028295134409687835, 0.0, 0.04813754925999163], [0.07108162764493328, 0.11447895310500426, 0.044310144425100666, 0.04813754925999163, 0.0]], [[0.0, 0.1752491158990087, 0.13111865383250734, 0.12844258335537853, 0.12641391674958238], [0.1752491158990087, 0.0, 0.08301714359885556, 0.0987897326578225, 0.12541721621861715], [0.13111865383250734, 0.08301714359885556, 0.0, 0.03292803325749893, 0.05670447747208746], [0.12844258335537853, 0.0987897326578225, 0.03292803325749893, 0.0, 0.042484660485579674], [0.12641391674958238, 0.12541721621861715, 0.05670447747208746, 0.042484660485579674, 0.0]], [[0.0, 0.22684183156345228, 0.10253135572724603, 0.11768324336340058], [0.22684183156345228, 0.0, 0.28301597209049423, 0.1875032360322015], [0.10253135572724603, 0.28301597209049423, 0.0, 0.19404986745270117], [0.11768324336340058, 0.1875032360322015, 0.19404986745270117, 0.0]], [[0.0, 0.24031783232726417, 0.056593799250250564, 0.13400599557285311], [0.24031783232726417, 0.0, 0.2765483871846872, 0.1916965847847453], [0.056593799250250564, 0.2765483871846872, 0.0, 0.18776589369462385], [0.13400599557285311, 0.1916965847847453, 0.18776589369462385, 0.0]], [[0.0, 0.039447307232990066, 0.030735652492903394, 0.2324190076460302], [0.039447307232990066, 0.0, 0.04187544364944382, 0.21195927581152196], [0.030735652492903394, 0.04187544364944382, 0.0, 0.22526917237497468], [0.2324190076460302, 0.21195927581152196, 0.22526917237497468, 0.0]], [[0.0, 0.17476127751408518, 0.25988776299859306], [0.17476127751408518, 0.0, 0.29895239587163613], [0.25988776299859306, 0.29895239587163613, 0.0]], [[0.0, 0.3571963340478624], [0.3571963340478624, 0.0]], [[0.0, 0.20012470803328775, 0.1973994879133982, 0.17067420929837854], [0.20012470803328775, 0.0, 0.2804917091433744, 0.14539395994418186], [0.1973994879133982, 0.2804917091433744, 0.0, 0.22342902458018035], [0.17067420929837854, 0.14539395994418186, 0.22342902458018035, 0.0]], [[0.0, 0.20012470803328775, 0.17353433867588994, 0.22725554806947557], [0.20012470803328775, 0.0, 0.13784023156030573, 0.307372868564811], [0.17353433867588994, 0.13784023156030573, 0.0, 0.2629512269316716], [0.22725554806947557, 0.307372868564811, 0.2629512269316716, 0.0]], [[0.0, 0.19020066093068894, 0.16414048541864035, 0.20522706445334243], [0.19020066093068894, 0.0, 0.2029582466698202, 0.2751151927160185], [0.16414048541864035, 0.2029582466698202, 0.0, 0.15345380655844892], [0.20522706445334243, 0.2751151927160185, 0.15345380655844892, 0.0]], [[0.0, 0.35291568794251427, 0.27684983652906797], [0.35291568794251427, 0.0, 0.17774608726353755], [0.27684983652906797, 0.17774608726353755, 0.0]], [[0.0, 0.39501184131968986, 0.36141065648481], [0.39501184131968986, 0.0, 0.11069600835393421], [0.36141065648481, 0.11069600835393421, 0.0]], [[0.0, 0.3557153221548071, 0.39256365848021246, 0.3538482395601332], [0.3557153221548071, 0.0, 0.17509303414718985, 0.01618879812371963], [0.39256365848021246, 0.17509303414718985, 0.0, 0.17503733932520255], [0.3538482395601332, 0.01618879812371963, 0.17503733932520255, 0.0]], [[0.0, 0.25818137267277713, 0.25317897259330036], [0.25818137267277713, 0.0, 0.210797249143023], [0.25317897259330036, 0.210797249143023, 0.0]], [[0.0, 0.1909171001481209, 0.40788039163583945], [0.1909171001481209, 0.0, 0.3411327794500249], [0.40788039163583945, 0.3411327794500249, 0.0]], [[0.0, 0.12762445289107832, 0.20977514869361913, 0.12797463126905242, 0.17591124593646623], [0.12762445289107832, 0.0, 0.23941535590770183, 0.027447049454731556, 0.10093070441959942], [0.20977514869361913, 0.23941535590770183, 0.0, 0.23873447651138807, 0.2704795320837224], [0.12797463126905242, 0.027447049454731556, 0.23873447651138807, 0.0, 0.105652143740777], [0.17591124593646623, 0.10093070441959942, 0.2704795320837224, 0.105652143740777, 0.0]], [[0.0, 0.11347212390668746, 0.1873190037871683, 0.11087446279751458, 0.059160745582749974], [0.11347212390668746, 0.0, 0.2010026117412261, 0.15603200245518986, 0.13834926503339398], [0.1873190037871683, 0.2010026117412261, 0.0, 0.23770305316140564, 0.18596872273794665], [0.11087446279751458, 0.15603200245518986, 0.23770305316140564, 0.0, 0.10890749910957943], [0.059160745582749974, 0.13834926503339398, 0.18596872273794665, 0.10890749910957943, 0.0]], [[0.0, 0.3738219927422329, 0.2774505967924139], [0.3738219927422329, 0.0, 0.17631581560927714], [0.2774505967924139, 0.17631581560927714, 0.0]], [[0.0, 0.2588039523415917, 0.33416593218097085, 0.3255088300109417], [0.2588039523415917, 0.0, 0.14695158578833428, 0.11641616792046222], [0.33416593218097085, 0.14695158578833428, 0.0, 0.0817313141654723], [0.3255088300109417, 0.11641616792046222, 0.0817313141654723, 0.0]], [[0.0, 0.4219297022286277, 0.41657888196471243], [0.4219297022286277, 0.0, 0.09522532760965226], [0.41657888196471243, 0.09522532760965226, 0.0]], [[0.0, 0.026402033514380748, 0.10440726494174636, 0.3772048848128644], [0.026402033514380748, 0.0, 0.10984697572793635, 0.36256451777933646], [0.10440726494174636, 0.10984697572793635, 0.0, 0.3937126913074147], [0.3772048848128644, 0.36256451777933646, 0.3937126913074147, 0.0]], [[0.0, 0.42327248530142086, 0.4087971422705341], [0.42327248530142086, 0.0, 0.10054609336652293], [0.4087971422705341, 0.10054609336652293, 0.0]], [[0.0, 0.10189294094153005, 0.11047205963970365, 0.16156007691051907, 0.24089047142062534], [0.10189294094153005, 0.0, 0.05244229353602732, 0.13170164914269938, 0.26430841285259016], [0.11047205963970365, 0.05244229353602732, 0.0, 0.13060247680710707, 0.2849033989942901], [0.16156007691051907, 0.13170164914269938, 0.13060247680710707, 0.0, 0.31291416227097735], [0.24089047142062534, 0.26430841285259016, 0.2849033989942901, 0.31291416227097735, 0.0]], [[0.0, 0.21507092275694845, 0.19258426944052506, 0.19030425275887705, 0.2827107196640802], [0.21507092275694845, 0.0, 0.051637381728204625, 0.0787091685376505, 0.16026424908228107], [0.19258426944052506, 0.051637381728204625, 0.0, 0.08121348233072988, 0.17804236009992697], [0.19030425275887705, 0.0787091685376505, 0.08121348233072988, 0.0, 0.18128793525304554], [0.2827107196640802, 0.16026424908228107, 0.17804236009992697, 0.18128793525304554, 0.0]], [[0.0, 0.15437442889047073, 0.2981739916432283], [0.15437442889047073, 0.0, 0.3790160415985499], [0.2981739916432283, 0.3790160415985499, 0.0]], [[0.0, 0.3818370549803477, 0.32581587807434664], [0.3818370549803477, 0.0, 0.15736742333774947], [0.32581587807434664, 0.15736742333774947, 0.0]], [[0.0, 0.3948583846017148, 0.32316111943106357], [0.3948583846017148, 0.0, 0.16772123749985712], [0.32316111943106357, 0.16772123749985712, 0.0]], [[0.0, 0.13555113484787024, 0.37532920152426685], [0.13555113484787024, 0.0, 0.4191868364906952], [0.37532920152426685, 0.4191868364906952, 0.0]], [[0.0, 0.4133403994894551, 0.36516018156281765], [0.4133403994894551, 0.0, 0.16526878704104392], [0.36516018156281765, 0.16526878704104392, 0.0]], [[0.0, 0.034301146601182365, 0.38124450375967905, 0.11972679305465632], [0.034301146601182365, 0.0, 0.3813802574973163, 0.09788625476118167], [0.38124450375967905, 0.3813802574973163, 0.0, 0.39539529596552203], [0.11972679305465632, 0.09788625476118167, 0.39539529596552203, 0.0]]]