[[[0.0, 0.03872274167589413, 0.04165579503648426, 0.03994685692274872, 0.03830449939196963, 0.0374029374744594, 0.05581674834075438, 0.03852789750302941], [0.03872274167589413, 0.0, 0.039778327044331235, 0.04467193844835249, 0.04881885984201649, 0.04508448026047534, 0.05795253914235099, 0.045247370782383715], [0.04165579503648426, 0.039778327044331235, 0.0, 0.03653876029477914, 0.04019535912762777, 0.04271516727994862, 0.05930422892690451, 0.04343119878353279], [0.03994685692274872, 0.04467193844835249, 0.03653876029477914, 0.0, 0.029876683866412627, 0.03802440700043391, 0.05670719913312502, 0.040371468476378417], [0.03830449939196963, 0.04881885984201649, 0.04019535912762777, 0.029876683866412627, 0.0, 0.0307751526688112, 0.05882404032818244, 0.039580318350196174], [0.0374029374744594, 0.04508448026047534, 0.04271516727994862, 0.03802440700043391, 0.0307751526688112, 0.0, 0.04644111475462947, 0.03780059782431666], [0.05581674834075438, 0.05795253914235099, 0.05930422892690451, 0.05670719913312502, 0.05882404032818244, 0.04644111475462947, 0.0, 0.0464480255577517], [0.03852789750302941, 0.045247370782383715, 0.04343119878353279, 0.040371468476378417, 0.039580318350196174, 0.03780059782431666, 0.0464480255577517, 0.0]], [[0.0, 0.04000886382417929, 0.04226629871177513, 0.05014332848629534, 0.03627562787133079, 0.04187435703435785, 0.039897840716242215, 0.03562124282207667], [0.04000886382417929, 0.0, 0.03818956591029865, 0.052040547443668955, 0.04491390083868331, 0.0471113373494524, 0.043900868179949024, 0.04427395899773111], [0.04226629871177513, 0.03818956591029865, 0.0, 0.04202526270478213, 0.043940458519689155, 0.046426438860954704, 0.04487498412340234, 0.04513301192558703], [0.05014332848629534, 0.052040547443668955, 0.04202526270478213, 0.0, 0.053745819178207616, 0.05741601039605336, 0.05651091973513688, 0.05521221237219962], [0.03627562787133079, 0.04491390083868331, 0.043940458519689155, 0.053745819178207616, 0.0, 0.025705256239499215, 0.03222619698911583, 0.04247395835963994], [0.04187435703435785, 0.0471113373494524, 0.046426438860954704, 0.05741601039605336, 0.025705256239499215, 0.0, 0.02739029454407515, 0.0407289630274145], [0.039897840716242215, 0.043900868179949024, 0.04487498412340234, 0.05651091973513688, 0.03222619698911583, 0.02739029454407515, 0.0, 0.03251120574850058], [0.03562124282207667, 0.04427395899773111, 0.04513301192558703, 0.05521221237219962, 0.04247395835963994, 0.0407289630274145, 0.03251120574850058, 0.0]], [[0.0, 0.03558346515691255, 0.05023548650401778, 0.04534265155374782, 0.04840705562761809, 0.04408604065838867, 0.04400134987526834, 0.03942689175832922], [0.03558346515691255, 0.0, 0.04545853420647135, 0.039094899804068745, 0.04178961748207797, 0.03725438224455723, 0.04120229809627957, 0.04046807628098844], [0.05023548650401778, 0.04545853420647135, 0.0, 0.050106408204031366, 0.05596896614270837, 0.05582168524089093, 0.0497413909868842, 0.04846269224234776], [0.04534265155374782, 0.039094899804068745, 0.050106408204031366, 0.0, 0.02569115201850599, 0.026340569952620057, 0.04050387641549754, 0.042622525389778225], [0.04840705562761809, 0.04178961748207797, 0.05596896614270837, 0.02569115201850599, 0.0, 0.024099979688077634, 0.044307381491769826, 0.045191720697274416], [0.04408604065838867, 0.03725438224455723, 0.05582168524089093, 0.026340569952620057, 0.024099979688077634, 0.0, 0.03839805170999413, 0.04358921694256705], [0.04400134987526834, 0.04120229809627957, 0.0497413909868842, 0.04050387641549754, 0.044307381491769826, 0.03839805170999413, 0.0, 0.036807388899769075], [0.03942689175832922, 0.04046807628098844, 0.04846269224234776, 0.042622525389778225, 0.045191720697274416, 0.04358921694256705, 0.036807388899769075, 0.0]], [[0.0, 0.029816160507429974, 0.05005274231034242, 0.05192425873040833, 0.04711053725300001, 0.0368883064548102, 0.04252439462419301, 0.028028729219020755], [0.029816160507429974, 0.0, 0.03944325400057305, 0.0472778029637237, 0.047275968260476794, 0.0410900847310313, 0.043543684880209724, 0.032487802671310594], [0.05005274231034242, 0.03944325400057305, 0.0, 0.043919907090296986, 0.05022515849254466, 0.04774013561301711, 0.04615158817584152, 0.045644689611263785], [0.05192425873040833, 0.0472778029637237, 0.043919907090296986, 0.0, 0.042398915349525695, 0.048025568610412295, 0.05049496462021059, 0.04967858414802326], [0.04711053725300001, 0.047275968260476794, 0.05022515849254466, 0.042398915349525695, 0.0, 0.03760294045714523, 0.04653377125973945, 0.042933793679158574], [0.0368883064548102, 0.0410900847310313, 0.04774013561301711, 0.048025568610412295, 0.03760294045714523, 0.0, 0.036677389958464666, 0.036958185727861276], [0.04252439462419301, 0.043543684880209724, 0.04615158817584152, 0.05049496462021059, 0.04653377125973945, 0.036677389958464666, 0.0, 0.036423251489052205], [0.028028729219020755, 0.032487802671310594, 0.045644689611263785, 0.04967858414802326, 0.042933793679158574, 0.036958185727861276, 0.036423251489052205, 0.0]], [[0.0, 0.035117717648444444, 0.05183459406439643, 0.05146860916150577, 0.04642323559888743, 0.04397554166044374, 0.04366175635192859, 0.039181020245087496], [0.035117717648444444, 0.0, 0.04612865264193003, 0.0476682293816643, 0.03542761278696903, 0.03188135919121177, 0.036935626039592356, 0.03479916445354029], [0.05183459406439643, 0.04612865264193003, 0.0, 0.04506285749403474, 0.05215150113624562, 0.05547577993126138, 0.054965846499654185, 0.04978089326531068], [0.05146860916150577, 0.0476682293816643, 0.04506285749403474, 0.0, 0.04120561820303152, 0.04955179810815391, 0.04767162091039271, 0.05100647294200724], [0.04642323559888743, 0.03542761278696903, 0.05215150113624562, 0.04120561820303152, 0.0, 0.02899691983031322, 0.037448883433180535, 0.04207425619649938], [0.04397554166044374, 0.03188135919121177, 0.05547577993126138, 0.04955179810815391, 0.02899691983031322, 0.0, 0.035012286104390083, 0.04080134376661872], [0.04366175635192859, 0.036935626039592356, 0.054965846499654185, 0.04767162091039271, 0.037448883433180535, 0.035012286104390083, 0.0, 0.033052123666718336], [0.039181020245087496, 0.03479916445354029, 0.04978089326531068, 0.05100647294200724, 0.04207425619649938, 0.04080134376661872, 0.033052123666718336, 0.0]], [[0.0, 0.03835034899061497, 0.043415187569491795, 0.03751751499005506, 0.039760721951672046, 0.039017705722440774, 0.04432370885387887, 0.03225197329011612], [0.03835034899061497, 0.0, 0.03899397955421253, 0.04179704482090219, 0.044122041457119995, 0.041914614244175176, 0.04559297369259173, 0.044918541717424154], [0.043415187569491795, 0.03899397955421253, 0.0, 0.03672510102838515, 0.04571392466173566, 0.042396205959832116, 0.04567600740243973, 0.04663344637295209], [0.03751751499005506, 0.04179704482090219, 0.03672510102838515, 0.0, 0.031707883793587285, 0.03445937374886411, 0.04108243474443519, 0.03302288966914627], [0.039760721951672046, 0.044122041457119995, 0.04571392466173566, 0.031707883793587285, 0.0, 0.033903978285048667, 0.04404444269945331, 0.03702615224603193], [0.039017705722440774, 0.041914614244175176, 0.042396205959832116, 0.03445937374886411, 0.033903978285048667, 0.0, 0.03753651844430437, 0.03417882660900405], [0.04432370885387887, 0.04559297369259173, 0.04567600740243973, 0.04108243474443519, 0.04404444269945331, 0.03753651844430437, 0.0, 0.03843874524973052], [0.03225197329011612, 0.044918541717424154, 0.04663344637295209, 0.03302288966914627, 0.03702615224603193, 0.03417882660900405, 0.03843874524973052, 0.0]], [[0.0, 0.04357032272638543, 0.052161419393888964, 0.051970965367923505, 0.04973094672749931, 0.05274586793042338, 0.05267905286245585, 0.04511304703949458], [0.04357032272638543, 0.0, 0.03731637968165337, 0.03821699855327568, 0.03900862013406449, 0.04030693136123454, 0.043559730644865235, 0.04283988517552685], [0.052161419393888964, 0.03731637968165337, 0.0, 0.030366778536555648, 0.03564381285546865, 0.03748182282407284, 0.03952818218489243, 0.04218854940789288], [0.051970965367923505, 0.03821699855327568, 0.030366778536555648, 0.0, 0.030260438806858806, 0.03828160275332222, 0.04259814908016364, 0.04329321339093681], [0.04973094672749931, 0.03900862013406449, 0.03564381285546865, 0.030260438806858806, 0.0, 0.03253788750023966, 0.040413730665964535, 0.04182668253439517], [0.05274586793042338, 0.04030693136123454, 0.03748182282407284, 0.03828160275332222, 0.03253788750023966, 0.0, 0.03509192659478746, 0.044433039411381894], [0.05267905286245585, 0.043559730644865235, 0.03952818218489243, 0.04259814908016364, 0.040413730665964535, 0.03509192659478746, 0.0, 0.039452114583121464], [0.04511304703949458, 0.04283988517552685, 0.04218854940789288, 0.04329321339093681, 0.04182668253439517, 0.044433039411381894, 0.039452114583121464, 0.0]], [[0.0, 0.03085738866761631, 0.029754419082176447, 0.03434263925412961, 0.054678487539956445, 0.04892354496624471, 0.04544235516701349, 0.03446101297489188], [0.03085738866761631, 0.0, 0.03051899051099637, 0.03491051024383286, 0.051667471307241, 0.049377260123483264, 0.04238433683246548, 0.03643286824153345], [0.029754419082176447, 0.03051899051099637, 0.0, 0.028182093380280642, 0.05648465258215942, 0.05082349480072985, 0.046407974415742646, 0.03881088961304668], [0.03434263925412961, 0.03491051024383286, 0.028182093380280642, 0.0, 0.04998086174148126, 0.047699141204731434, 0.042856334909572504, 0.040844398983894185], [0.054678487539956445, 0.051667471307241, 0.05648465258215942, 0.04998086174148126, 0.0, 0.040258846908483546, 0.049393232486572715, 0.05546547367017673], [0.04892354496624471, 0.049377260123483264, 0.05082349480072985, 0.047699141204731434, 0.040258846908483546, 0.0, 0.03999609873143506, 0.046801389775848475], [0.04544235516701349, 0.04238433683246548, 0.046407974415742646, 0.042856334909572504, 0.049393232486572715, 0.03999609873143506, 0.0, 0.03803715560719324], [0.03446101297489188, 0.03643286824153345, 0.03881088961304668, 0.040844398983894185, 0.05546547367017673, 0.046801389775848475, 0.03803715560719324, 0.0]], [[0.0, 0.039718086601741996, 0.028593290372878655, 0.03785532951268413, 0.03253869725799999, 0.046500714627476424, 0.02855612496854058, 0.047512746913099396], [0.039718086601741996, 0.0, 0.04241393632348386, 0.045543422967340784, 0.04940463266381509, 0.0502434451924617, 0.04613492850530038, 0.05593199920813725], [0.028593290372878655, 0.04241393632348386, 0.0, 0.02940205951892314, 0.03129232677009799, 0.048349419867421764, 0.03235456923546115, 0.05203779845608511], [0.03785532951268413, 0.045543422967340784, 0.02940205951892314, 0.0, 0.03439621019421537, 0.046835624917196866, 0.0336414094724448, 0.05371002623215657], [0.03253869725799999, 0.04940463266381509, 0.03129232677009799, 0.03439621019421537, 0.0, 0.04393682188414385, 0.03196070339954572, 0.05087711869158495], [0.046500714627476424, 0.0502434451924617, 0.048349419867421764, 0.046835624917196866, 0.04393682188414385, 0.0, 0.039754125837669727, 0.047232915768765246], [0.02855612496854058, 0.04613492850530038, 0.03235456923546115, 0.0336414094724448, 0.03196070339954572, 0.039754125837669727, 0.0, 0.04504405619231922], [0.047512746913099396, 0.05593199920813725, 0.05203779845608511, 0.05371002623215657, 0.05087711869158495, 0.047232915768765246, 0.04504405619231922, 0.0]], [[0.0, 0.033028773093348764, 0.03880680875634332, 0.042014568351105674, 0.04120930143416474, 0.04300650455510507, 0.04807391004223853, 0.0322901746237455], [0.033028773093348764, 0.0, 0.03426161953279954, 0.040402927686329596, 0.03938909558457446, 0.04123275931721824, 0.05182070158347066, 0.034337162977461005], [0.03880680875634332, 0.03426161953279954, 0.0, 0.0346763800445371, 0.04165316537310405, 0.040603664905509804, 0.050939558158373886, 0.04014717466875839], [0.042014568351105674, 0.040402927686329596, 0.0346763800445371, 0.0, 0.03499012132463957, 0.03855509474488933, 0.04843135198900515, 0.04325247126616222], [0.04120930143416474, 0.03938909558457446, 0.04165316537310405, 0.03499012132463957, 0.0, 0.032880574729821435, 0.045964070086722826, 0.03729424201295631], [0.04300650455510507, 0.04123275931721824, 0.040603664905509804, 0.03855509474488933, 0.032880574729821435, 0.0, 0.04061644837368455, 0.036698381734011444], [0.04807391004223853, 0.05182070158347066, 0.050939558158373886, 0.04843135198900515, 0.045964070086722826, 0.04061644837368455, 0.0, 0.0413106461673271], [0.0322901746237455, 0.034337162977461005, 0.04014717466875839, 0.04325247126616222, 0.03729424201295631, 0.036698381734011444, 0.0413106461673271, 0.0]], [[0.0, 0.049779427223826306, 0.048829583424857825, 0.04478754757990083, 0.039793644597181335, 0.03870960365672623, 0.05061554795162818, 0.033070621711724056], [0.049779427223826306, 0.0, 0.05047617435061379, 0.05957200163038378, 0.06568259529383493, 0.06018355281475102, 0.05182492923787425, 0.062226445483043104], [0.048829583424857825, 0.05047617435061379, 0.0, 0.03950986708248619, 0.05424437074393897, 0.04968338736858481, 0.054745261605640264, 0.05189060313183114], [0.04478754757990083, 0.05957200163038378, 0.03950986708248619, 0.0, 0.038378758318049024, 0.039393281745719266, 0.054031477274414624, 0.03974468028320548], [0.039793644597181335, 0.06568259529383493, 0.05424437074393897, 0.038378758318049024, 0.0, 0.027072111380726353, 0.05568115870319771, 0.025256053666167774], [0.03870960365672623, 0.06018355281475102, 0.04968338736858481, 0.039393281745719266, 0.027072111380726353, 0.0, 0.0483516836105491, 0.02917220852274978], [0.05061554795162818, 0.05182492923787425, 0.054745261605640264, 0.054031477274414624, 0.05568115870319771, 0.0483516836105491, 0.0, 0.04927559038358165], [0.033070621711724056, 0.062226445483043104, 0.05189060313183114, 0.03974468028320548, 0.025256053666167774, 0.02917220852274978, 0.04927559038358165, 0.0]], [[0.0, 0.041682855776482584, 0.045263802248785706, 0.051537473390677054, 0.047216384200697605, 0.045176142382438236, 0.04204681167161982, 0.039498969382488563], [0.041682855776482584, 0.0, 0.036388822551646806, 0.04701918900551358, 0.04788528094592729, 0.04922798601584499, 0.04524100785065692, 0.04767593521386507], [0.045263802248785706, 0.036388822551646806, 0.0, 0.039168786977101536, 0.04494924329003535, 0.04889779965822084, 0.044524808826233206, 0.04617718635410163], [0.051537473390677054, 0.04701918900551358, 0.039168786977101536, 0.0, 0.03890386450832153, 0.04695532517389385, 0.04309964047415042, 0.046289613512787514], [0.047216384200697605, 0.04788528094592729, 0.04494924329003535, 0.03890386450832153, 0.0, 0.0262717721055595, 0.03901919955537262, 0.04167667915988264], [0.045176142382438236, 0.04922798601584499, 0.04889779965822084, 0.04695532517389385, 0.0262717721055595, 0.0, 0.03275351512957972, 0.036698552676771704], [0.04204681167161982, 0.04524100785065692, 0.044524808826233206, 0.04309964047415042, 0.03901919955537262, 0.03275351512957972, 0.0, 0.03320968014594379], [0.039498969382488563, 0.04767593521386507, 0.04617718635410163, 0.046289613512787514, 0.04167667915988264, 0.036698552676771704, 0.03320968014594379, 0.0]], [[0.0, 0.044206361798050035, 0.051087213789822145, 0.04785553698900418, 0.04611809952056491, 0.046063973370752895, 0.044906144869876166, 0.04035677602066152], [0.044206361798050035, 0.0, 0.03502390218655197, 0.037426623152928905, 0.03645406280094193, 0.041916110371123645, 0.03671873948819013, 0.040517010172104094], [0.051087213789822145, 0.03502390218655197, 0.0, 0.03410598739390335, 0.040420393188248284, 0.047340596390485275, 0.0410434151128648, 0.043705092069546196], [0.04785553698900418, 0.037426623152928905, 0.03410598739390335, 0.0, 0.03221322772819974, 0.0454276827829484, 0.04091582460284047, 0.04250602809028315], [0.04611809952056491, 0.03645406280094193, 0.040420393188248284, 0.03221322772819974, 0.0, 0.03638989190704609, 0.033654845057787035, 0.0391718123258313], [0.046063973370752895, 0.041916110371123645, 0.047340596390485275, 0.0454276827829484, 0.03638989190704609, 0.0, 0.031388488660565206, 0.04525689378496998], [0.044906144869876166, 0.03671873948819013, 0.0410434151128648, 0.04091582460284047, 0.033654845057787035, 0.031388488660565206, 0.0, 0.037860274554222625], [0.04035677602066152, 0.040517010172104094, 0.043705092069546196, 0.04250602809028315, 0.0391718123258313, 0.04525689378496998, 0.037860274554222625, 0.0]], [[0.0, 0.03994485397126391, 0.049995806518476, 0.05177194526983273, 0.04997551234523755, 0.049553111468794236, 0.048026387701347005, 0.04358650538444562], [0.03994485397126391, 0.0, 0.0404665137462417, 0.04918056102137173, 0.03937840608343612, 0.03675023894695121, 0.037412061394429715, 0.037249228184881765], [0.049995806518476, 0.0404665137462417, 0.0, 0.04268134840813445, 0.04414848513178199, 0.0467030286607907, 0.04731507010615371, 0.04684590646316332], [0.05177194526983273, 0.04918056102137173, 0.04268134840813445, 0.0, 0.0402094559750301, 0.04892881699138069, 0.05076237876075967, 0.05225860470874501], [0.04997551234523755, 0.03937840608343612, 0.04414848513178199, 0.0402094559750301, 0.0, 0.03319714169692987, 0.038094975537402244, 0.03991264465674541], [0.049553111468794236, 0.03675023894695121, 0.0467030286607907, 0.04892881699138069, 0.03319714169692987, 0.0, 0.025087757085799477, 0.027057545562233578], [0.048026387701347005, 0.037412061394429715, 0.04731507010615371, 0.05076237876075967, 0.038094975537402244, 0.025087757085799477, 0.0, 0.025779020952617346], [0.04358650538444562, 0.037249228184881765, 0.04684590646316332, 0.05225860470874501, 0.03991264465674541, 0.027057545562233578, 0.025779020952617346, 0.0]], [[0.0, 0.048298226807194804, 0.04993595675518657, 0.0524473161802481, 0.049909100729667796, 0.046188324058032616, 0.05124456740992019, 0.04547071744519649], [0.048298226807194804, 0.0, 0.03400696895117574, 0.052372390458387263, 0.057951740604293416, 0.04223816449939003, 0.027807572842045034, 0.023334342982825294], [0.04993595675518657, 0.03400696895117574, 0.0, 0.04009417296508638, 0.049523587809538944, 0.03959557060895907, 0.03952861953074045, 0.036968558760683855], [0.0524473161802481, 0.052372390458387263, 0.04009417296508638, 0.0, 0.0458330184887881, 0.045262957920787376, 0.04960316593511189, 0.048306336178151804], [0.049909100729667796, 0.057951740604293416, 0.049523587809538944, 0.0458330184887881, 0.0, 0.0405380856494231, 0.055809134115699745, 0.054949050580087026], [0.046188324058032616, 0.04223816449939003, 0.03959557060895907, 0.045262957920787376, 0.0405380856494231, 0.0, 0.038391378309848304, 0.04050011690246567], [0.05124456740992019, 0.027807572842045034, 0.03952861953074045, 0.04960316593511189, 0.055809134115699745, 0.038391378309848304, 0.0, 0.027604043790630584], [0.04547071744519649, 0.023334342982825294, 0.036968558760683855, 0.048306336178151804, 0.054949050580087026, 0.04050011690246567, 0.027604043790630584, 0.0]], [[0.0, 0.03240266086130764, 0.04836642466440873, 0.03667086451225372, 0.041333063709405975, 0.037536859579053374, 0.04186250712830603, 0.03955214573653736], [0.03240266086130764, 0.0, 0.04513480697305782, 0.0287627038757961, 0.04075470811249, 0.031816525025668875, 0.042115756644922585, 0.04696207624505393], [0.04836642466440873, 0.04513480697305782, 0.0, 0.046776275807106936, 0.054005816321683345, 0.05704310386182051, 0.05016831810524066, 0.05412293885225109], [0.03667086451225372, 0.0287627038757961, 0.046776275807106936, 0.0, 0.032692271025962144, 0.03198007546713493, 0.043551735020198074, 0.04919871386536214], [0.041333063709405975, 0.04075470811249, 0.054005816321683345, 0.032692271025962144, 0.0, 0.03507924097337147, 0.04348761228334262, 0.051448021609664094], [0.037536859579053374, 0.031816525025668875, 0.05704310386182051, 0.03198007546713493, 0.03507924097337147, 0.0, 0.04104033666046403, 0.05161715624682803], [0.04186250712830603, 0.042115756644922585, 0.05016831810524066, 0.043551735020198074, 0.04348761228334262, 0.04104033666046403, 0.0, 0.040109552466424156], [0.03955214573653736, 0.04696207624505393, 0.05412293885225109, 0.04919871386536214, 0.051448021609664094, 0.05161715624682803, 0.040109552466424156, 0.0]], [[0.0, 0.038664590064424395, 0.04126161983854964, 0.042917576001501846, 0.04273244349127667, 0.04717248972402676, 0.036709313974903006, 0.049778590084970036], [0.038664590064424395, 0.0, 0.02763967443043917, 0.04061489476712774, 0.03364054277071445, 0.05082377245933311, 0.036823205962321595, 0.06554487221865556], [0.04126161983854964, 0.02763967443043917, 0.0, 0.033207980173165313, 0.029735318007666357, 0.049448218728927455, 0.035536636760783814, 0.06796228292039493], [0.042917576001501846, 0.04061489476712774, 0.033207980173165313, 0.0, 0.02985013523088512, 0.045385779619731566, 0.03824005612632358, 0.06445813149347553], [0.04273244349127667, 0.03364054277071445, 0.029735318007666357, 0.02985013523088512, 0.0, 0.04405139966985164, 0.0343915403856289, 0.06619565525541608], [0.04717248972402676, 0.05082377245933311, 0.049448218728927455, 0.045385779619731566, 0.04405139966985164, 0.0, 0.03948635066950731, 0.05719244093897256], [0.036709313974903006, 0.036823205962321595, 0.035536636760783814, 0.03824005612632358, 0.0343915403856289, 0.03948635066950731, 0.0, 0.05235880916804384], [0.049778590084970036, 0.06554487221865556, 0.06796228292039493, 0.06445813149347553, 0.06619565525541608, 0.05719244093897256, 0.05235880916804384, 0.0]], [[0.0, 0.0340961195717853, 0.040773605019098, 0.041382304571483404, 0.03994666273510981, 0.04365426001373747, 0.036646276721759095, 0.0366398882627576], [0.0340961195717853, 0.0, 0.03720611206400043, 0.04053652810824314, 0.04321499546326947, 0.044952895006179126, 0.03833233691063388, 0.046313439371309884], [0.040773605019098, 0.03720611206400043, 0.0, 0.036797444024373634, 0.04599329415334354, 0.05156218138438335, 0.026537965667647174, 0.04221927856183488], [0.041382304571483404, 0.04053652810824314, 0.036797444024373634, 0.0, 0.03950655856875721, 0.047684363586368794, 0.03702130385574185, 0.042168186813481015], [0.03994666273510981, 0.04321499546326947, 0.04599329415334354, 0.03950655856875721, 0.0, 0.04113790632432001, 0.03973035892793895, 0.04669266779276731], [0.04365426001373747, 0.044952895006179126, 0.05156218138438335, 0.047684363586368794, 0.04113790632432001, 0.0, 0.041701907060468446, 0.050825887622981285], [0.036646276721759095, 0.03833233691063388, 0.026537965667647174, 0.03702130385574185, 0.03973035892793895, 0.041701907060468446, 0.0, 0.03771728225893065], [0.0366398882627576, 0.046313439371309884, 0.04221927856183488, 0.042168186813481015, 0.04669266779276731, 0.050825887622981285, 0.03771728225893065, 0.0]], [[0.0, 0.039769830729776405, 0.042480500603075816, 0.04331402620304645, 0.04523886182350401, 0.044513364390491715, 0.055098512144551734, 0.03754210916995777], [0.039769830729776405, 0.0, 0.03477269153137644, 0.04088425748940692, 0.04325950823578548, 0.042698264009718226, 0.05111332102938311, 0.038963269977999586], [0.042480500603075816, 0.03477269153137644, 0.0, 0.029721989171358446, 0.03835850334510218, 0.03982559846973949, 0.05716893050909104, 0.039046390795592696], [0.04331402620304645, 0.04088425748940692, 0.029721989171358446, 0.0, 0.03453738902729603, 0.039528965075361466, 0.059351523249687246, 0.03599896594232363], [0.04523886182350401, 0.04325950823578548, 0.03835850334510218, 0.03453738902729603, 0.0, 0.03559207060264145, 0.055074475373573434, 0.037155206360189826], [0.044513364390491715, 0.042698264009718226, 0.03982559846973949, 0.039528965075361466, 0.03559207060264145, 0.0, 0.044161967767318226, 0.034716422655536545], [0.055098512144551734, 0.05111332102938311, 0.05716893050909104, 0.059351523249687246, 0.055074475373573434, 0.044161967767318226, 0.0, 0.043449375712170786], [0.03754210916995777, 0.038963269977999586, 0.039046390795592696, 0.03599896594232363, 0.037155206360189826, 0.034716422655536545, 0.043449375712170786, 0.0]], [[0.0, 0.03509788979528331, 0.044757886595578666, 0.04507765556552311, 0.04161750227871538, 0.04501709832788281, 0.04370108295461578, 0.03413591986520375], [0.03509788979528331, 0.0, 0.0401921286436212, 0.04016594693687404, 0.03939187943884924, 0.04073912831694839, 0.040306355536894704, 0.03675573990202191], [0.044757886595578666, 0.0401921286436212, 0.0, 0.03684686995961104, 0.04285925050819111, 0.04798794436307407, 0.048951896902317965, 0.04651975102159256], [0.04507765556552311, 0.04016594693687404, 0.03684686995961104, 0.0, 0.03430716654988163, 0.04680697140013355, 0.04244342892565722, 0.04009766315816941], [0.04161750227871538, 0.03939187943884924, 0.04285925050819111, 0.03430716654988163, 0.0, 0.03983870813033038, 0.0448310494971827, 0.04085634013467376], [0.04501709832788281, 0.04073912831694839, 0.04798794436307407, 0.04680697140013355, 0.03983870813033038, 0.0, 0.03925792103035307, 0.04683932418969644], [0.04370108295461578, 0.040306355536894704, 0.048951896902317965, 0.04244342892565722, 0.0448310494971827, 0.03925792103035307, 0.0, 0.03155381576886132], [0.03413591986520375, 0.03675573990202191, 0.04651975102159256, 0.04009766315816941, 0.04085634013467376, 0.04683932418969644, 0.03155381576886132, 0.0]], [[0.0, 0.03437147959323422, 0.05060517731250143, 0.04207668812128864, 0.03530750240785962, 0.037120620402915756, 0.03917229261703252, 0.03188096471803487], [0.03437147959323422, 0.0, 0.04573033375717041, 0.042783243594755126, 0.04058142832293334, 0.04574403854586628, 0.045792209240890114, 0.042495247244798105], [0.05060517731250143, 0.04573033375717041, 0.0, 0.04252683540869602, 0.04889861969999915, 0.05014761316721409, 0.052673062338483935, 0.050200983241758056], [0.04207668812128864, 0.042783243594755126, 0.04252683540869602, 0.0, 0.03603805633969219, 0.03864231777167623, 0.042222144451844, 0.045176285816085626], [0.03530750240785962, 0.04058142832293334, 0.04889861969999915, 0.03603805633969219, 0.0, 0.03480779703890116, 0.03890503838419187, 0.03889847701653914], [0.037120620402915756, 0.04574403854586628, 0.05014761316721409, 0.03864231777167623, 0.03480779703890116, 0.0, 0.03531381857768179, 0.038578448732556975], [0.03917229261703252, 0.045792209240890114, 0.052673062338483935, 0.042222144451844, 0.03890503838419187, 0.03531381857768179, 0.0, 0.03737552226574114], [0.03188096471803487, 0.042495247244798105, 0.050200983241758056, 0.045176285816085626, 0.03889847701653914, 0.038578448732556975, 0.03737552226574114, 0.0]], [[0.0, 0.03781386822122424, 0.04150863085774323, 0.04131116102222696, 0.040678418221253884, 0.04064274818451193, 0.04643024663387536, 0.03563090275073877], [0.03781386822122424, 0.0, 0.03595605870662056, 0.039597658183441235, 0.04395748589347896, 0.042206402800018285, 0.047421540617894616, 0.0457257354507054], [0.04150863085774323, 0.03595605870662056, 0.0, 0.041233099286133494, 0.04378960895172235, 0.04386880760850935, 0.049611872295178855, 0.04460010676896356], [0.04131116102222696, 0.039597658183441235, 0.041233099286133494, 0.0, 0.03517151039604195, 0.040211102696853115, 0.046973615473113656, 0.04329788795642771], [0.040678418221253884, 0.04395748589347896, 0.04378960895172235, 0.03517151039604195, 0.0, 0.02804627307210899, 0.04418604098347084, 0.040209002312929155], [0.04064274818451193, 0.042206402800018285, 0.04386880760850935, 0.040211102696853115, 0.02804627307210899, 0.0, 0.04223175743426919, 0.03722034105303889], [0.04643024663387536, 0.047421540617894616, 0.049611872295178855, 0.046973615473113656, 0.04418604098347084, 0.04223175743426919, 0.0, 0.04079114482647166], [0.03563090275073877, 0.0457257354507054, 0.04460010676896356, 0.04329788795642771, 0.040209002312929155, 0.03722034105303889, 0.04079114482647166, 0.0]], [[0.0, 0.041831688317305105, 0.051610922994312455, 0.050070353959639026, 0.051164882625667714, 0.05282842369364318, 0.04953410487509413, 0.048169288348967707], [0.041831688317305105, 0.0, 0.041399049242049187, 0.047229693882585376, 0.046566478043179794, 0.0495198922239032, 0.04497021035827103, 0.04637136589236578], [0.051610922994312455, 0.041399049242049187, 0.0, 0.038486919342139846, 0.03936752518113717, 0.051998594322833235, 0.028436694055575827, 0.025742136690603934], [0.050070353959639026, 0.047229693882585376, 0.038486919342139846, 0.0, 0.03678652662889727, 0.05240226191224528, 0.04182803356868647, 0.04210373198710962], [0.051164882625667714, 0.046566478043179794, 0.03936752518113717, 0.03678652662889727, 0.0, 0.04465576851570092, 0.037438989360971495, 0.04048371018373491], [0.05282842369364318, 0.0495198922239032, 0.051998594322833235, 0.05240226191224528, 0.04465576851570092, 0.0, 0.045815949646813216, 0.05469472376623506], [0.04953410487509413, 0.04497021035827103, 0.028436694055575827, 0.04182803356868647, 0.037438989360971495, 0.045815949646813216, 0.0, 0.025595383524362827], [0.048169288348967707, 0.04637136589236578, 0.025742136690603934, 0.04210373198710962, 0.04048371018373491, 0.05469472376623506, 0.025595383524362827, 0.0]], [[0.0, 0.02954331127787776, 0.0388703079372321, 0.056751674755525824, 0.05877646325183943, 0.03515824249037025, 0.035091938997299496, 0.032659445945229335], [0.02954331127787776, 0.0, 0.03661060121400524, 0.0498503800083065, 0.05260912350985265, 0.03940253174885666, 0.03837815133129967, 0.03632110457345971], [0.0388703079372321, 0.03661060121400524, 0.0, 0.04132856580361828, 0.05048659357264366, 0.03980491286516528, 0.03999467524918839, 0.040833833390892506], [0.056751674755525824, 0.0498503800083065, 0.04132856580361828, 0.0, 0.043963018470455216, 0.04932175588355007, 0.05265937537349265, 0.05267086746682944], [0.05877646325183943, 0.05260912350985265, 0.05048659357264366, 0.043963018470455216, 0.0, 0.04314495031377143, 0.05243035068938985, 0.05554554459423289], [0.03515824249037025, 0.03940253174885666, 0.03980491286516528, 0.04932175588355007, 0.04314495031377143, 0.0, 0.03481039276282844, 0.03876038567222404], [0.035091938997299496, 0.03837815133129967, 0.03999467524918839, 0.05265937537349265, 0.05243035068938985, 0.03481039276282844, 0.0, 0.02903925734422419], [0.032659445945229335, 0.03632110457345971, 0.040833833390892506, 0.05267086746682944, 0.05554554459423289, 0.03876038567222404, 0.02903925734422419, 0.0]], [[0.0, 0.046419181080917, 0.051570688122034566, 0.05275613470252184, 0.05966330454839426, 0.05626782824113413, 0.057227543478014495, 0.0449653419467255], [0.046419181080917, 0.0, 0.0393506290144089, 0.04518386178825797, 0.039082945261941414, 0.040738363222796635, 0.037992996529335375, 0.04048198377651062], [0.051570688122034566, 0.0393506290144089, 0.0, 0.04147722804168645, 0.045969952960161334, 0.04432633576648579, 0.04719498530942157, 0.04379939965575613], [0.05275613470252184, 0.04518386178825797, 0.04147722804168645, 0.0, 0.04041275328511942, 0.042121658174230255, 0.04101954545260909, 0.04267702764459631], [0.05966330454839426, 0.039082945261941414, 0.045969952960161334, 0.04041275328511942, 0.0, 0.027632012981254353, 0.02448308264801401, 0.04155069408708988], [0.05626782824113413, 0.040738363222796635, 0.04432633576648579, 0.042121658174230255, 0.027632012981254353, 0.0, 0.026402188453635518, 0.0399133048819338], [0.057227543478014495, 0.037992996529335375, 0.04719498530942157, 0.04101954545260909, 0.02448308264801401, 0.026402188453635518, 0.0, 0.03793686627365497], [0.0449653419467255, 0.04048198377651062, 0.04379939965575613, 0.04267702764459631, 0.04155069408708988, 0.0399133048819338, 0.03793686627365497, 0.0]], [[0.0, 0.04139966507183828, 0.048724802319126244, 0.04806332685651934, 0.045582861827723996, 0.05129964898658299, 0.051477135654442514, 0.04926650747910793], [0.04139966507183828, 0.0, 0.03805847217314921, 0.0461730879008465, 0.04358648951906963, 0.04517018432392484, 0.038292595185338764, 0.03866375394926667], [0.048724802319126244, 0.03805847217314921, 0.0, 0.03744574594493824, 0.041501021553492515, 0.041241030587512, 0.034834266870453136, 0.03310087700134513], [0.04806332685651934, 0.0461730879008465, 0.03744574594493824, 0.0, 0.03862134139657465, 0.044957839391335574, 0.04286552779993244, 0.04466685450137331], [0.045582861827723996, 0.04358648951906963, 0.041501021553492515, 0.03862134139657465, 0.0, 0.03315559397426151, 0.038475116596672986, 0.04166834616991832], [0.05129964898658299, 0.04517018432392484, 0.041241030587512, 0.044957839391335574, 0.03315559397426151, 0.0, 0.0342483288364441, 0.04277980974843479], [0.051477135654442514, 0.038292595185338764, 0.034834266870453136, 0.04286552779993244, 0.038475116596672986, 0.0342483288364441, 0.0, 0.030111123224131446], [0.04926650747910793, 0.03866375394926667, 0.03310087700134513, 0.04466685450137331, 0.04166834616991832, 0.04277980974843479, 0.030111123224131446, 0.0]], [[0.0, 0.04899102388372512, 0.038915387155830226, 0.03828352217172126, 0.036036800794395876, 0.03862943530913982, 0.04641399641376817, 0.029303672015658092], [0.04899102388372512, 0.0, 0.038772058202080364, 0.04589250079896291, 0.046941076450293225, 0.05195936057576496, 0.05029922715341562, 0.048663749176813716], [0.038915387155830226, 0.038772058202080364, 0.0, 0.02974271985279664, 0.03566593384971831, 0.04389826915625123, 0.046938295351662, 0.04163111766921406], [0.03828352217172126, 0.04589250079896291, 0.02974271985279664, 0.0, 0.032643132448325396, 0.0425961787768533, 0.04699835543349902, 0.037687764187504524], [0.036036800794395876, 0.046941076450293225, 0.03566593384971831, 0.032643132448325396, 0.0, 0.03464092262491843, 0.04214877890337328, 0.03851997753970907], [0.03862943530913982, 0.05195936057576496, 0.04389826915625123, 0.0425961787768533, 0.03464092262491843, 0.0, 0.03950355940872395, 0.039006022878224286], [0.04641399641376817, 0.05029922715341562, 0.046938295351662, 0.04699835543349902, 0.04214877890337328, 0.03950355940872395, 0.0, 0.03942455907207462], [0.029303672015658092, 0.048663749176813716, 0.04163111766921406, 0.037687764187504524, 0.03851997753970907, 0.039006022878224286, 0.03942455907207462, 0.0]], [[0.0, 0.05945545329376895, 0.03520453857307645, 0.03617785420170797, 0.03356140545750984, 0.03425103089666009, 0.04237009190085279, 0.033489673869661694], [0.05945545329376895, 0.0, 0.05957794787914971, 0.06613683504551308, 0.07738174926785385, 0.06592131150632938, 0.06141765798184935, 0.05866002586970266], [0.03520453857307645, 0.05957794787914971, 0.0, 0.03376077987792621, 0.038539251887727076, 0.0376531806175709, 0.04431665247413247, 0.03736193741483406], [0.03617785420170797, 0.06613683504551308, 0.03376077987792621, 0.0, 0.035166489042252516, 0.040795539722697366, 0.04622357440597113, 0.0395081698758929], [0.03356140545750984, 0.07738174926785385, 0.038539251887727076, 0.035166489042252516, 0.0, 0.03139002574558075, 0.05012172331439891, 0.04303940210319716], [0.03425103089666009, 0.06592131150632938, 0.0376531806175709, 0.040795539722697366, 0.03139002574558075, 0.0, 0.0405254889816239, 0.03902454756563626], [0.04237009190085279, 0.06141765798184935, 0.04431665247413247, 0.04622357440597113, 0.05012172331439891, 0.0405254889816239, 0.0, 0.03955262450255518], [0.033489673869661694, 0.05866002586970266, 0.03736193741483406, 0.0395081698758929, 0.04303940210319716, 0.03902454756563626, 0.03955262450255518, 0.0]], [[0.0, 0.047071626268811464, 0.056191232998767215, 0.04206139203342754, 0.03261005093625077, 0.025540651059893536, 0.03709078056341571, 0.036310756280269134], [0.047071626268811464, 0.0, 0.04584300444771273, 0.042657845678079995, 0.05033977400795828, 0.05729449478241693, 0.05146031182132483, 0.04875122357915001], [0.056191232998767215, 0.04584300444771273, 0.0, 0.04264971197976861, 0.0532958346106957, 0.06456795185283885, 0.05735210395628984, 0.05427379513781327], [0.04206139203342754, 0.042657845678079995, 0.04264971197976861, 0.0, 0.036566387657153636, 0.04610016471343814, 0.04433263447499908, 0.04161751898096833], [0.03261005093625077, 0.05033977400795828, 0.0532958346106957, 0.036566387657153636, 0.0, 0.03333265503518815, 0.03957779307212275, 0.042892917272431955], [0.025540651059893536, 0.05729449478241693, 0.06456795185283885, 0.04610016471343814, 0.03333265503518815, 0.0, 0.035498989210342474, 0.04307876886075731], [0.03709078056341571, 0.05146031182132483, 0.05735210395628984, 0.04433263447499908, 0.03957779307212275, 0.035498989210342474, 0.0, 0.03595221929126606], [0.036310756280269134, 0.04875122357915001, 0.05427379513781327, 0.04161751898096833, 0.042892917272431955, 0.04307876886075731, 0.03595221929126606, 0.0]], [[0.0, 0.028997121176680594, 0.044717021077343204, 0.03655830470788945, 0.0387275283432418, 0.04426682372464665, 0.03635705896668793, 0.03226676382548528], [0.028997121176680594, 0.0, 0.040304689289181746, 0.03495998602584869, 0.03651935783614913, 0.04321032055942647, 0.034564234466005914, 0.03544063726284047], [0.044717021077343204, 0.040304689289181746, 0.0, 0.04123456907325391, 0.044954329823230055, 0.04676981666453646, 0.04262892125811, 0.04668044162802678], [0.03655830470788945, 0.03495998602584869, 0.04123456907325391, 0.0, 0.03138936715914433, 0.043440547396463886, 0.037495104460503616, 0.041591251822101646], [0.0387275283432418, 0.03651935783614913, 0.044954329823230055, 0.03138936715914433, 0.0, 0.037802806477044266, 0.03888899888617737, 0.04181116030814376], [0.04426682372464665, 0.04321032055942647, 0.04676981666453646, 0.043440547396463886, 0.037802806477044266, 0.0, 0.03748228533901989, 0.043326218465455514], [0.03635705896668793, 0.034564234466005914, 0.04262892125811, 0.037495104460503616, 0.03888899888617737, 0.03748228533901989, 0.0, 0.03341923921396222], [0.03226676382548528, 0.03544063726284047, 0.04668044162802678, 0.041591251822101646, 0.04181116030814376, 0.043326218465455514, 0.03341923921396222, 0.0]], [[0.0, 0.03676602732744972, 0.04241565554311979, 0.045178616688193965, 0.04116740170561141, 0.05612681418813636, 0.042971238328486226, 0.0344080560689675], [0.03676602732744972, 0.0, 0.040813573751292055, 0.043086913119055555, 0.04260065410840702, 0.0563087144328438, 0.04382180838148232, 0.039705525443703045], [0.04241565554311979, 0.040813573751292055, 0.0, 0.025450561013940966, 0.032376179136208195, 0.06489052232925986, 0.047952618310831696, 0.03151232653796524], [0.045178616688193965, 0.043086913119055555, 0.025450561013940966, 0.0, 0.032331168316224186, 0.06138225471500102, 0.0467360719300205, 0.03677698271751844], [0.04116740170561141, 0.04260065410840702, 0.032376179136208195, 0.032331168316224186, 0.0, 0.05099068989282775, 0.04352223117681709, 0.0345401068075431], [0.05612681418813636, 0.0563087144328438, 0.06489052232925986, 0.06138225471500102, 0.05099068989282775, 0.0, 0.04760144309856063, 0.05484982844709125], [0.042971238328486226, 0.04382180838148232, 0.047952618310831696, 0.0467360719300205, 0.04352223117681709, 0.04760144309856063, 0.0, 0.03606097737839937], [0.0344080560689675, 0.039705525443703045, 0.03151232653796524, 0.03677698271751844, 0.0345401068075431, 0.05484982844709125, 0.03606097737839937, 0.0]], [[0.0, 0.05070233728204082, 0.03692766513796429, 0.038611873852462675, 0.035967403983916534, 0.045284625602519515, 0.03998043360709763, 0.035801953675112456], [0.05070233728204082, 0.0, 0.048594197520039836, 0.05870124694160865, 0.05743472804113566, 0.053313048199280816, 0.051839263236671526, 0.055819234775927144], [0.03692766513796429, 0.048594197520039836, 0.0, 0.030275042784140366, 0.03137658096674879, 0.044058349810171996, 0.03852425537790888, 0.039304901908119576], [0.038611873852462675, 0.05870124694160865, 0.030275042784140366, 0.0, 0.024344397958575455, 0.04733981958764883, 0.04059473519477313, 0.037576126591821614], [0.035967403983916534, 0.05743472804113566, 0.03137658096674879, 0.024344397958575455, 0.0, 0.043187491728615454, 0.0417089054475844, 0.03494046094773529], [0.045284625602519515, 0.053313048199280816, 0.044058349810171996, 0.04733981958764883, 0.043187491728615454, 0.0, 0.042117513241976115, 0.04762004204125223], [0.03998043360709763, 0.051839263236671526, 0.03852425537790888, 0.04059473519477313, 0.0417089054475844, 0.042117513241976115, 0.0, 0.03804655196954966], [0.035801953675112456, 0.055819234775927144, 0.039304901908119576, 0.037576126591821614, 0.03494046094773529, 0.04762004204125223, 0.03804655196954966, 0.0]], [[0.0, 0.039346992636177774, 0.04968107219039959, 0