[[[0.0, 0.0033167906340332972, 0.008912114770631734, 0.0, 0.0, 0.0033167906340332972, 0.0033167906340332972, 0.009509305431782246, 0.008912114770631734, 0.004436910991244946, 0.0, 0.00959157216097078, 0.008912114770631734, 0.009175286430333773, 0.007566407155166786, 0.010944545960620635, 0.00899984202134119, 0.0033167906340332972, 0.008410749708004223, 0.007120603386874814, 0.00959157216097078, 0.009980701515881402, 0.0033167906340332972, 0.009127605243703875, 0.01109810975635675, 0.011589461566106414, 0.007144855809992065, 0.0033167906340332972, 0.005600248691026779, 0.01109810975635675, 0.0033167906340332972, 0.006508754528430009, 0.00941346390225757, 0.009509305431782246, 0.004436910991244946, 0.004436910991244946, 0.00899984202134119, 0.008912114770631734, 0.010706666328595982, 0.010706666328595982, 0.00899984202134119, 0.0105908894836142, 0.00959157216097078, 0.0, 0.0, 0.010944545960620635, 0.0, 0.002759736623304408, 0.002947045814747238, 0.0, 0.010706666328595982, 0.006698826734137611, 0.00784812441000197, 0.002947045814747238, 0.0033167906340332972, 0.009127605243703875, 0.00959157216097078, 0.00894025858713757, 0.00959157216097078, 0.008410749708004223, 0.008912114770631734, 0.008474057083528806, 0.005637311134644049, 0.0, 0.0033167906340332972, 0.007120603386874814, 0.0, 0.0, 0.0, 0.0033167906340332972, 0.008503650826255713, 0.007132678079380042, 0.009509305431782246, 0.006493662780043569, 0.0062433109510383, 0.008224287003132888, 0.009581337448846832, 0.00941346390225757, 0.00941346390225757, 0.008474057083528806, 0.009756381562273899, 0.009509305431782246, 0.00959157216097078, 0.007144855809992065, 0.023776619623899084, 0.008410749708004223, 0.009535686850714955, 0.01109810975635675, 0.00747498359356111, 0.007207662040047613, 0.006103944084277735, 0.008410749708004223, 0.007144855809992065, 0.004436910991244946, 0.008503650826255713, 0.006508754528430009, 0.010706666328595982, 0.0, 0.009756381562273899, 0.00959157216097078], [0.0033167906340332972, 0.0, 0.009509305431782246, 0.0033167906340332972, 0.0033167906340332972, 0.0, 0.0, 0.008912114770631734, 0.009509305431782246, 0.002947045814747238, 0.0033167906340332972, 0.00899984202134119, 0.009509305431782246, 0.009756381562273899, 0.008261453706689287, 0.01143609139497182, 0.00959157216097078, 0.0, 0.009041117782702763, 0.007855195268303906, 0.00899984202134119, 0.00941346390225757, 0.0, 0.008503650826255713, 0.0105908894836142, 0.012054738466771842, 0.006328338204897583, 0.0, 0.006508754528430009, 0.0105908894836142, 0.0, 0.005600248691026779, 0.009980701515881402, 0.008912114770631734, 0.002947045814747238, 0.002947045814747238, 0.00959157216097078, 0.009509305431782246, 0.010179960891962206, 0.010179960891962206, 0.00959157216097078, 0.01109810975635675, 0.00899984202134119, 0.0033167906340332972, 0.0033167906340332972, 0.01143609139497182, 0.0033167906340332972, 0.00431477071696963, 0.004436910991244946, 0.0033167906340332972, 0.010179960891962206, 0.00747498359356111, 0.00852022047043853, 0.004436910991244946, 0.0, 0.008503650826255713, 0.00899984202134119, 0.009535686850714955, 0.00899984202134119, 0.009041117782702763, 0.009509305431782246, 0.00910004085512344, 0.006540670985364787, 0.0033167906340332972, 0.0, 0.007855195268303906, 0.0033167906340332972, 0.0033167906340332972, 0.0033167906340332972, 0.0, 0.009127605243703875, 0.00786614242777739, 0.008912114770631734, 0.00729169091575707, 0.007069655701755622, 0.008867919531655187, 0.010139187710003484, 0.009980701515881402, 0.009980701515881402, 0.00910004085512344, 0.009175286430333773, 0.008912114770631734, 0.00899984202134119, 0.006328338204897583, 0.02400684779077824, 0.009041117782702763, 0.00894025858713757, 0.0105908894836142, 0.006698826734137611, 0.006399163380750044, 0.0069468866043717855, 0.009041117782702763, 0.006328338204897583, 0.002947045814747238, 0.009127605243703875, 0.005600248691026779, 0.010179960891962206, 0.0033167906340332972, 0.009175286430333773, 0.00899984202134119], [0.008912114770631734, 0.009509305431782246, 0.0, 0.008912114770631734, 0.008912114770631734, 0.009509305431782246, 0.009509305431782246, 0.0033167906340332972, 0.0, 0.009041117782702763, 0.008912114770631734, 0.008417395222596245, 0.0, 0.00447128436288389, 0.006850383032698094, 0.009132638153261008, 0.007736371386081143, 0.009509305431782246, 0.002947045814747238, 0.005359365362777504, 0.008417395222596245, 0.00795213154464754, 0.009509305431782246, 0.008918386702066988, 0.010100610178519775, 0.009955179864466507, 0.009330024601221244, 0.009509305431782246, 0.009205071318767816, 0.010100610178519775, 0.009509305431782246, 0.009784397686807954, 0.007227398978426987, 0.0033167906340332972, 0.009041117782702763, 0.009041117782702763, 0.007736371386081143, 0.0, 0.010514640377619539, 0.010514640377619539, 0.007736371386081143, 0.009540504487101625, 0.008417395222596245, 0.008912114770631734, 0.008912114770631734, 0.009132638153261008, 0.008912114770631734, 0.008474057083528806, 0.008410749708004223, 0.008912114770631734, 0.010514640377619539, 0.005878053255195597, 0.006525734301790744, 0.008410749708004223, 0.009509305431782246, 0.008918386702066988, 0.008417395222596245, 0.007805150544838111, 0.008417395222596245, 0.002947045814747238, 0.0, 0.002759736623304408, 0.00850875949264376, 0.008912114770631734, 0.009509305431782246, 0.005359365362777504, 0.008912114770631734, 0.008912114770631734, 0.008912114770631734, 0.009509305431782246, 0.008278678714480608, 0.007300901885956866, 0.0033167906340332972, 0.006103944084277735, 0.008781639468436075, 0.0034332044761435027, 0.0035179877236514597, 0.007227398978426987, 0.007227398978426987, 0.002759736623304408, 0.00556717917475098, 0.0033167906340332972, 0.008417395222596245, 0.009330024601221244, 0.02299890506293385, 0.002947045814747238, 0.008480652990047268, 0.010100610178519775, 0.006749267381051558, 0.008615687614399431, 0.006493662780043569, 0.002947045814747238, 0.009330024601221244, 0.009041117782702763, 0.008278678714480608, 0.009784397686807954, 0.010514640377619539, 0.008912114770631734, 0.00556717917475098, 0.008417395222596245], [0.0, 0.0033167906340332972, 0.008912114770631734, 0.0, 0.0, 0.0033167906340332972, 0.0033167906340332972, 0.009509305431782246, 0.008912114770631734, 0.004436910991244946, 0.0, 0.00959157216097078, 0.008912114770631734, 0.009175286430333773, 0.007566407155166786, 0.010944545960620635, 0.00899984202134119, 0.0033167906340332972, 0.008410749708004223, 0.007120603386874814, 0.00959157216097078, 0.009980701515881402, 0.0033167906340332972, 0.009127605243703875, 0.01109810975635675, 0.011589461566106414, 0.007144855809992065, 0.0033167906340332972, 0.005600248691026779, 0.01109810975635675, 0.0033167906340332972, 0.006508754528430009, 0.00941346390225757, 0.009509305431782246, 0.004436910991244946, 0.004436910991244946, 0.00899984202134119, 0.008912114770631734, 0.010706666328595982, 0.010706666328595982, 0.00899984202134119, 0.0105908894836142, 0.00959157216097078, 0.0, 0.0, 0.010944545960620635, 0.0, 0.002759736623304408, 0.002947045814747238, 0.0, 0.010706666328595982, 0.006698826734137611, 0.00784812441000197, 0.002947045814747238, 0.0033167906340332972, 0.009127605243703875, 0.00959157216097078, 0.00894025858713757, 0.00959157216097078, 0.008410749708004223, 0.008912114770631734, 0.008474057083528806, 0.005637311134644049, 0.0, 0.0033167906340332972, 0.007120603386874814, 0.0, 0.0, 0.0, 0.0033167906340332972, 0.008503650826255713, 0.007132678079380042, 0.009509305431782246, 0.006493662780043569, 0.0062433109510383, 0.008224287003132888, 0.009581337448846832, 0.00941346390225757, 0.00941346390225757, 0.008474057083528806, 0.009756381562273899, 0.009509305431782246, 0.00959157216097078, 0.007144855809992065, 0.023776619623899084, 0.008410749708004223, 0.009535686850714955, 0.01109810975635675, 0.00747498359356111, 0.007207662040047613, 0.006103944084277735, 0.008410749708004223, 0.007144855809992065, 0.004436910991244946, 0.008503650826255713, 0.006508754528430009, 0.010706666328595982, 0.0, 0.009756381562273899, 0.00959157216097078], [0.0, 0.0033167906340332972, 0.008912114770631734, 0.0, 0.0, 0.0033167906340332972, 0.0033167906340332972, 0.009509305431782246, 0.008912114770631734, 0.004436910991244946, 0.0, 0.00959157216097078, 0.008912114770631734, 0.009175286430333773, 0.007566407155166786, 0.010944545960620635, 0.00899984202134119, 0.0033167906340332972, 0.008410749708004223, 0.007120603386874814, 0.00959157216097078, 0.009980701515881402, 0.0033167906340332972, 0.009127605243703875, 0.01109810975635675, 0.011589461566106414, 0.007144855809992065, 0.0033167906340332972, 0.005600248691026779, 0.01109810975635675, 0.0033167906340332972, 0.006508754528430009, 0.00941346390225757, 0.009509305431782246, 0.004436910991244946, 0.004436910991244946, 0.00899984202134119, 0.008912114770631734, 0.010706666328595982, 0.010706666328595982, 0.00899984202134119, 0.0105908894836142, 0.00959157216097078, 0.0, 0.0, 0.010944545960620635, 0.0, 0.002759736623304408, 0.002947045814747238, 0.0, 0.010706666328595982, 0.006698826734137611, 0.00784812441000197, 0.002947045814747238, 0.0033167906340332972, 0.009127605243703875, 0.00959157216097078, 0.00894025858713757, 0.00959157216097078, 0.008410749708004223, 0.008912114770631734, 0.008474057083528806, 0.005637311134644049, 0.0, 0.0033167906340332972, 0.007120603386874814, 0.0, 0.0, 0.0, 0.0033167906340332972, 0.008503650826255713, 0.007132678079380042, 0.009509305431782246, 0.006493662780043569, 0.0062433109510383, 0.008224287003132888, 0.009581337448846832, 0.00941346390225757, 0.00941346390225757, 0.008474057083528806, 0.009756381562273899, 0.009509305431782246, 0.00959157216097078, 0.007144855809992065, 0.023776619623899084, 0.008410749708004223, 0.009535686850714955, 0.01109810975635675, 0.00747498359356111, 0.007207662040047613, 0.006103944084277735, 0.008410749708004223, 0.007144855809992065, 0.004436910991244946, 0.008503650826255713, 0.006508754528430009, 0.010706666328595982, 0.0, 0.009756381562273899, 0.00959157216097078], [0.0033167906340332972, 0.0, 0.009509305431782246, 0.0033167906340332972, 0.0033167906340332972, 0.0, 0.0, 0.008912114770631734, 0.009509305431782246, 0.002947045814747238, 0.0033167906340332972, 0.00899984202134119, 0.009509305431782246, 0.009756381562273899, 0.008261453706689287, 0.01143609139497182, 0.00959157216097078, 0.0, 0.009041117782702763, 0.007855195268303906, 0.00899984202134119, 0.00941346390225757, 0.0, 0.008503650826255713, 0.0105908894836142, 0.012054738466771842, 0.006328338204897583, 0.0, 0.006508754528430009, 0.0105908894836142, 0.0, 0.005600248691026779, 0.009980701515881402, 0.008912114770631734, 0.002947045814747238, 0.002947045814747238, 0.00959157216097078, 0.009509305431782246, 0.010179960891962206, 0.010179960891962206, 0.00959157216097078, 0.01109810975635675, 0.00899984202134119, 0.0033167906340332972, 0.0033167906340332972, 0.01143609139497182, 0.0033167906340332972, 0.00431477071696963, 0.004436910991244946, 0.0033167906340332972, 0.010179960891962206, 0.00747498359356111, 0.00852022047043853, 0.004436910991244946, 0.0, 0.008503650826255713, 0.00899984202134119, 0.009535686850714955, 0.00899984202134119, 0.009041117782702763, 0.009509305431782246, 0.00910004085512344, 0.006540670985364787, 0.0033167906340332972, 0.0, 0.007855195268303906, 0.0033167906340332972, 0.0033167906340332972, 0.0033167906340332972, 0.0, 0.009127605243703875, 0.00786614242777739, 0.008912114770631734, 0.00729169091575707, 0.007069655701755622, 0.008867919531655187, 0.010139187710003484, 0.009980701515881402, 0.009980701515881402, 0.00910004085512344, 0.009175286430333773, 0.008912114770631734, 0.00899984202134119, 0.006328338204897583, 0.02400684779077824, 0.009041117782702763, 0.00894025858713757, 0.0105908894836142, 0.006698826734137611, 0.006399163380750044, 0.0069468866043717855, 0.009041117782702763, 0.006328338204897583, 0.002947045814747238, 0.009127605243703875, 0.005600248691026779, 0.010179960891962206, 0.0033167906340332972, 0.009175286430333773, 0.00899984202134119], [0.0033167906340332972, 0.0, 0.009509305431782246, 0.0033167906340332972, 0.0033167906340332972, 0.0, 0.0, 0.008912114770631734, 0.009509305431782246, 0.002947045814747238, 0.0033167906340332972, 0.00899984202134119, 0.009509305431782246, 0.009756381562273899, 0.008261453706689287, 0.01143609139497182, 0.00959157216097078, 0.0, 0.009041117782702763, 0.007855195268303906, 0.00899984202134119, 0.00941346390225757, 0.0, 0.008503650826255713, 0.0105908894836142, 0.012054738466771842, 0.006328338204897583, 0.0, 0.006508754528430009, 0.0105908894836142, 0.0, 0.005600248691026779, 0.009980701515881402, 0.008912114770631734, 0.002947045814747238, 0.002947045814747238, 0.00959157216097078, 0.009509305431782246, 0.010179960891962206, 0.010179960891962206, 0.00959157216097078, 0.01109810975635675, 0.00899984202134119, 0.0033167906340332972, 0.0033167906340332972, 0.01143609139497182, 0.0033167906340332972, 0.00431477071696963, 0.004436910991244946, 0.0033167906340332972, 0.010179960891962206, 0.00747498359356111, 0.00852022047043853, 0.004436910991244946, 0.0, 0.008503650826255713, 0.00899984202134119, 0.009535686850714955, 0.00899984202134119, 0.009041117782702763, 0.009509305431782246, 0.00910004085512344, 0.006540670985364787, 0.0033167906340332972, 0.0, 0.007855195268303906, 0.0033167906340332972, 0.0033167906340332972, 0.0033167906340332972, 0.0, 0.009127605243703875, 0.00786614242777739, 0.008912114770631734, 0.00729169091575707, 0.007069655701755622, 0.008867919531655187, 0.010139187710003484, 0.009980701515881402, 0.009980701515881402, 0.00910004085512344, 0.009175286430333773, 0.008912114770631734, 0.00899984202134119, 0.006328338204897583, 0.02400684779077824, 0.009041117782702763, 0.00894025858713757, 0.0105908894836142, 0.006698826734137611, 0.006399163380750044, 0.0069468866043717855, 0.009041117782702763, 0.006328338204897583, 0.002947045814747238, 0.009127605243703875, 0.005600248691026779, 0.010179960891962206, 0.0033167906340332972, 0.009175286430333773, 0.00899984202134119], [0.009509305431782246, 0.008912114770631734, 0.0033167906340332972, 0.009509305431782246, 0.009509305431782246, 0.008912114770631734, 0.008912114770631734, 0.0, 0.0033167906340332972, 0.008410749708004223, 0.009509305431782246, 0.007736371386081143, 0.0033167906340332972, 0.00556717917475098, 0.007611100301841314, 0.009716284256258131, 0.008417395222596245, 0.008912114770631734, 0.004436910991244946, 0.00630268967995016, 0.007736371386081143, 0.007227398978426987, 0.008912114770631734, 0.008278678714480608, 0.009540504487101625, 0.010493174269204262, 0.008720565288407778, 0.008912114770631734, 0.009784397686807954, 0.009540504487101625, 0.008912114770631734, 0.009205071318767816, 0.00795213154464754, 0.0, 0.008410749708004223, 0.008410749708004223, 0.008417395222596245, 0.0033167906340332972, 0.009977803473743916, 0.009977803473743916, 0.008417395222596245, 0.010100610178519775, 0.007736371386081143, 0.009509305431782246, 0.009509305431782246, 0.009716284256258131, 0.009509305431782246, 0.00910004085512344, 0.009041117782702763, 0.009509305431782246, 0.009977803473743916, 0.006749267381051558, 0.0073202669546662946, 0.009041117782702763, 0.008912114770631734, 0.008278678714480608, 0.007736371386081143, 0.008480652990047268, 0.007736371386081143, 0.004436910991244946, 0.0033167906340332972, 0.00431477071696963, 0.009132364875193408, 0.009509305431782246, 0.008912114770631734, 0.00630268967995016, 0.009509305431782246, 0.009509305431782246, 0.009509305431782246, 0.008912114770631734, 0.008918386702066988, 0.008018994229850744, 0.0, 0.0069468866043717855, 0.009387134379756435, 0.004773677103137872, 0.0048350116580804, 0.00795213154464754, 0.00795213154464754, 0.00431477071696963, 0.00447128436288389, 0.0, 0.007736371386081143, 0.008720565288407778, 0.02323684002191036, 0.004436910991244946, 0.007805150544838111, 0.009540504487101625, 0.005878053255195597, 0.007951664791658711, 0.00729169091575707, 0.004436910991244946, 0.008720565288407778, 0.008410749708004223, 0.008918386702066988, 0.009205071318767816, 0.009977803473743916, 0.009509305431782246, 0.00447128436288389, 0.007736371386081143], [0.008912114770631734, 0.009509305431782246, 0.0, 0.008912114770631734, 0.008912114770631734, 0.009509305431782246, 0.009509305431782246, 0.0033167906340332972, 0.0, 0.009041117782702763, 0.008912114770631734, 0.008417395222596245, 0.0, 0.00447128436288389, 0.006850383032698094, 0.009132638153261008, 0.007736371386081143, 0.009509305431782246, 0.002947045814747238, 0.005359365362777504, 0.008417395222596245, 0.00795213154464754, 0.009509305431782246, 0.008918386702066988, 0.010100610178519775, 0.009955179864466507, 0.009330024601221244, 0.009509305431782246, 0.009205071318767816, 0.010100610178519775, 0.009509305431782246, 0.009784397686807954, 0.007227398978426987, 0.0033167906340332972, 0.009041117782702763, 0.009041117782702763, 0.007736371386081143, 0.0, 0.010514640377619539, 0.010514640377619539, 0.007736371386081143, 0.009540504487101625, 0.008417395222596245, 0.008912114770631734, 0.008912114770631734, 0.009132638153261008, 0.008912114770631734, 0.008474057083528806, 0.008410749708004223, 0.008912114770631734, 0.010514640377619539, 0.005878053255195597, 0.006525734301790744, 0.008410749708004223, 0.009509305431782246, 0.008918386702066988, 0.008417395222596245, 0.007805150544838111, 0.008417395222596245, 0.002947045814747238, 0.0, 0.002759736623304408, 0.00850875949264376, 0.008912114770631734, 0.009509305431782246, 0.005359365362777504, 0.008912114770631734, 0.008912114770631734, 0.008912114770631734, 0.009509305431782246, 0.008278678714480608, 0.007300901885956866, 0.0033167906340332972, 0.006103944084277735, 0.008781639468436075, 0.0034332044761435027, 0.0035179877236514597, 0.007227398978426987, 0.007227398978426987, 0.002759736623304408, 0.00556717917475098, 0.0033167906340332972, 0.008417395222596245, 0.009330024601221244, 0.02299890506293385, 0.002947045814747238, 0.008480652990047268, 0.010100610178519775, 0.006749267381051558, 0.008615687614399431, 0.006493662780043569, 0.002947045814747238, 0.009330024601221244, 0.009041117782702763, 0.008278678714480608, 0.009784397686807954, 0.010514640377619539, 0.008912114770631734, 0.00556717917475098, 0.008417395222596245], [0.004436910991244946, 0.002947045814747238, 0.009041117782702763, 0.004436910991244946, 0.004436910991244946, 0.002947045814747238, 0.002947045814747238, 0.008410749708004223, 0.009041117782702763, 0.0, 0.004436910991244946, 0.008503650826255713, 0.009041117782702763, 0.009300639878764196, 0.007717936143396818, 0.011049846485808265, 0.009127605243703875, 0.002947045814747238, 0.009509305431782246, 0.008389825489091134, 0.008503650826255713, 0.00894025858713757, 0.002947045814747238, 0.00899984202134119, 0.010172603453389436, 0.010920690564227663, 0.005600248691026779, 0.002947045814747238, 0.007144855809992065, 0.010172603453389436, 0.002947045814747238, 0.006328338204897583, 0.009535686850714955, 0.008410749708004223, 0.0, 0.0, 0.009127605243703875, 0.009041117782702763, 0.009744050735072183, 0.009744050735072183, 0.009127605243703875, 0.0106996710757818, 0.008503650826255713, 0.004436910991244946, 0.004436910991244946, 0.011049846485808265, 0.004436910991244946, 0.005225162712704536, 0.0033167906340332972, 0.004436910991244946, 0.009744050735072183, 0.006869519684067334, 0.009015499758698847, 0.0033167906340332972, 0.002947045814747238, 0.00899984202134119, 0.008503650826255713, 0.009980701515881402, 0.008503650826255713, 0.009509305431782246, 0.009041117782702763, 0.00860962627125571, 0.007173942847068966, 0.004436910991244946, 0.002947045814747238, 0.008389825489091134, 0.004436910991244946, 0.004436910991244946, 0.004436910991244946, 0.002947045814747238, 0.00959157216097078, 0.007293224092255795, 0.008410749708004223, 0.00786472093879709, 0.007659315294175125, 0.008363905653801478, 0.009701445685281472, 0.009535686850714955, 0.009535686850714955, 0.00860962627125571, 0.008689119750840581, 0.008410749708004223, 0.008503650826255713, 0.005600248691026779, 0.023825273593715033, 0.009509305431782246, 0.00941346390225757, 0.010172603453389436, 0.00601574605346482, 0.007045166499647226, 0.00629079919086446, 0.009509305431782246, 0.005600248691026779, 0.0, 0.00959157216097078, 0.006328338204897583, 0.009744050735072183, 0.004436910991244946, 0.008689119750840581, 0.008503650826255713], [0.0, 0.0033167906340332972, 0.008912114770631734, 0.0, 0.0, 0.0033167906340332972, 0.0033167906340332972, 0.009509305431782246, 0.008912114770631734, 0.004436910991244946, 0.0, 0.00959157216097078, 0.008912114770631734, 0.009175286430333773, 0.007566407155166786, 0.010944545960620635, 0.00899984202134119, 0.0033167906340332972, 0.008410749708004223, 0.007120603386874814, 0.00959157216097078, 0.009980701515881402, 0.0033167906340332972, 0.009127605243703875, 0.01109810975635675, 0.011589461566106414, 0.007144855809992065, 0.0033167906340332972, 0.005600248691026779, 0.01109810975635675, 0.0033167906340332972, 0.006508754528430009, 0.00941346390225757, 0.009509305431782246, 0.004436910991244946, 0.004436910991244946, 0.00899984202134119, 0.008912114770631734, 0.010706666328595982, 0.010706666328595982, 0.00899984202134119, 0.0105908894836142, 0.00959157216097078, 0.0, 0.0, 0.010944545960620635, 0.0, 0.002759736623304408, 0.002947045814747238, 0.0, 0.010706666328595982, 0.006698826734137611, 0.00784812441000197, 0.002947045814747238, 0.0033167906340332972, 0.009127605243703875, 0.00959157216097078, 0.00894025858713757, 0.00959157216097078, 0.008410749708004223, 0.008912114770631734, 0.008474057083528806, 0.005637311134644049, 0.0, 0.0033167906340332972, 0.007120603386874814, 0.0, 0.0, 0.0, 0.0033167906340332972, 0.008503650826255713, 0.007132678079380042, 0.009509305431782246, 0.006493662780043569, 0.0062433109510383, 0.008224287003132888, 0.009581337448846832, 0.00941346390225757, 0.00941346390225757, 0.008474057083528806, 0.009756381562273899, 0.009509305431782246, 0.00959157216097078, 0.007144855809992065, 0.023776619623899084, 0.008410749708004223, 0.009535686850714955, 0.01109810975635675, 0.00747498359356111, 0.007207662040047613, 0.006103944084277735, 0.008410749708004223, 0.007144855809992065, 0.004436910991244946, 0.008503650826255713, 0.006508754528430009, 0.010706666328595982, 0.0, 0.009756381562273899, 0.00959157216097078], [0.00959157216097078, 0.00899984202134119, 0.008417395222596245, 0.00959157216097078, 0.00959157216097078, 0.00899984202134119, 0.00899984202134119, 0.007736371386081143, 0.008417395222596245, 0.008503650826255713, 0.00959157216097078, 0.0, 0.008417395222596245, 0.007131630842914969, 0.007069655701755622, 0.00929824519385709, 0.0033167906340332972, 0.00899984202134119, 0.008918386702066988, 0.009978744381189715, 0.0, 0.002759736623304408, 0.00899984202134119, 0.002947045814747238, 0.00823651123626186, 0.011265450076587795, 0.006399163380750044, 0.00899984202134119, 0.007786878136824958, 0.00823651123626186, 0.00899984202134119, 0.007045166499647226, 0.00431477071696963, 0.007736371386081143, 0.008503650826255713, 0.008503650826255713, 0.0033167906340332972, 0.008417395222596245, 0.008739305100367979, 0.008739305100367979, 0.0033167906340332972, 0.008879257708563192, 0.0, 0.00959157216097078, 0.00959157216097078, 0.00929824519385709, 0.00959157216097078, 0.009980701515881402, 0.009127605243703875, 0.00959157216097078, 0.008739305100367979, 0.007896598594656318, 0.006755552695690868, 0.009127605243703875, 0.00899984202134119, 0.002947045814747238, 0.0, 0.005225162712704536, 0.0, 0.008918386702066988, 0.008417395222596245, 0.00795213154464754, 0.008686269173260932, 0.00959157216097078, 0.00899984202134119, 0.009978744381189715, 0.00959157216097078, 0.00959157216097078, 0.00959157216097078, 0.00899984202134119, 0.004436910991244946, 0.006412734201184477, 0.007736371386081143, 0.01039762836984354, 0.008261453706689287, 0.009090623482929973, 0.00764698010391185, 0.00431477071696963, 0.00431477071696963, 0.00795213154464754, 0.006313403073589162, 0.007736371386081143, 0.0, 0.006399163380750044, 0.023065166770273565, 0.008918386702066988, 0.004037477586838944, 0.00823651123626186, 0.007166252106583827, 0.006328338204897583, 0.007398656846693224, 0.008918386702066988, 0.006399163380750044, 0.008503650826255713, 0.004436910991244946, 0.007045166499647226, 0.008739305100367979, 0.00959157216097078, 0.006313403073589162, 0.0], [0.008912114770631734, 0.009509305431782246, 0.0, 0.008912114770631734, 0.008912114770631734, 0.009509305431782246, 0.009509305431782246, 0.0033167906340332972, 0.0, 0.009041117782702763, 0.008912114770631734, 0.008417395222596245, 0.0, 0.00447128436288389, 0.006850383032698094, 0.009132638153261008, 0.007736371386081143, 0.009509305431782246, 0.002947045814747238, 0.005359365362777504, 0.008417395222596245, 0.00795213154464754, 0.009509305431782246, 0.008918386702066988, 0.010100610178519775, 0.009955179864466507, 0.009330024601221244, 0.009509305431782246, 0.009205071318767816, 0.010100610178519775, 0.009509305431782246, 0.009784397686807954, 0.007227398978426987, 0.0033167906340332972, 0.009041117782702763, 0.009041117782702763, 0.007736371386081143, 0.0, 0.010514640377619539, 0.010514640377619539, 0.007736371386081143, 0.009540504487101625, 0.008417395222596245, 0.008912114770631734, 0.008912114770631734, 0.009132638153261008, 0.008912114770631734, 0.008474057083528806, 0.008410749708004223, 0.008912114770631734, 0.010514640377619539, 0.005878053255195597, 0.006525734301790744, 0.008410749708004223, 0.009509305431782246, 0.008918386702066988, 0.008417395222596245, 0.007805150544838111, 0.008417395222596245, 0.002947045814747238, 0.0, 0.002759736623304408, 0.00850875949264376, 0.008912114770631734, 0.009509305431782246, 0.005359365362777504, 0.008912114770631734, 0.008912114770631734, 0.008912114770631734, 0.009509305431782246, 0.008278678714480608, 0.007300901885956866, 0.0033167906340332972, 0.006103944084277735, 0.008781639468436075, 0.0034332044761435027, 0.0035179877236514597, 0.007227398978426987, 0.007227398978426987, 0.002759736623304408, 0.00556717917475098, 0.0033167906340332972, 0.008417395222596245, 0.009330024601221244, 0.02299890506293385, 0.002947045814747238, 0.008480652990047268, 0.010100610178519775, 0.006749267381051558, 0.008615687614399431, 0.006493662780043569, 0.002947045814747238, 0.009330024601221244, 0.009041117782702763, 0.008278678714480608, 0.009784397686807954, 0.010514640377619539, 0.008912114770631734, 0.00556717917475098, 0.008417395222596245], [0.009175286430333773, 0.009756381562273899, 0.00447128436288389, 0.009175286430333773, 0.009175286430333773, 0.009756381562273899, 0.009756381562273899, 0.00556717917475098, 0.00447128436288389, 0.009300639878764196, 0.009175286430333773, 0.007131630842914969, 0.00447128436288389, 0.0, 0.006493662780043569, 0.00886820095874264, 0.006313403073589162, 0.009756381562273899, 0.005355134254898677, 0.006979626132215768, 0.007131630842914969, 0.00764698010391185, 0.009756381562273899, 0.0077165560656186055, 0.009057038264501662, 0.010913202554138239, 0.009581724816187761, 0.009756381562273899, 0.009460096689641, 0.009057038264501662, 0.009756381562273899, 0.010024695979797474, 0.006890225293821145, 0.00556717917475098, 0.009300639878764196, 0.009300639878764196, 0.006313403073589162, 0.00447128436288389, 0.00951657913416881, 0.00951657913416881, 0.006313403073589162, 0.00842786105809987, 0.007131630842914969, 0.009175286430333773, 0.009175286430333773, 0.00886820095874264, 0.009175286430333773, 0.009581337448846832, 0.008689119750840581, 0.009175286430333773, 0.00951657913416881, 0.0073853838034787025, 0.006150212742971869, 0.008689119750840581, 0.009756381562273899, 0.0077165560656186055, 0.007131630842914969, 0.007494016522121625, 0.007131630842914969, 0.005355134254898677, 0.00447128436288389, 0.0035179877236514597, 0.008224287003132888, 0.009175286430333773, 0.009756381562273899, 0.006979626132215768, 0.009175286430333773, 0.009175286430333773, 0.009175286430333773, 0.009756381562273899, 0.006967362298877839, 0.0057715495748194455, 0.00556717917475098, 0.007566407155166786, 0.009854419090304828, 0.005637311134644049, 0.002759736623304408, 0.006890225293821145, 0.006890225293821145, 0.0035179877236514597, 0.0033167906340332972, 0.00556717917475098, 0.007131630842914969, 0.009581724816187761, 0.022895186015843796, 0.005355134254898677, 0.008195204923846804, 0.009057038264501662, 0.008095986291656906, 0.007364624173380864, 0.006850383032698094, 0.005355134254898677, 0.009581724816187761, 0.009300639878764196, 0.006967362298877839, 0.010024695979797474, 0.00951657913416881, 0.009175286430333773, 0.0033167906340332972, 0.007131630842914969], [0.007566407155166786, 0.008261453706689287, 0.006850383032698094, 0.007566407155166786, 0.007566407155166786, 0.008261453706689287, 0.008261453706689287, 0.007611100301841314, 0.006850383032698094, 0.007717936143396818, 0.007566407155166786, 0.007069655701755622, 0.006850383032698094, 0.006493662780043569, 0.0, 0.007907753729497292, 0.0062433109510383, 0.008261453706689287, 0.007457400802484546, 0.008697732163410021, 0.007069655701755622, 0.006508754528430009, 0.008261453706689287, 0.007659315294175125, 0.009008319232043064, 0.007132678079380042, 0.009535686850714955, 0.008261453706689287, 0.00941346390225757, 0.009008319232043064, 0.008261453706689287, 0.009980701515881402, 0.005600248691026779, 0.007611100301841314, 0.007717936143396818, 0.007717936143396818, 0.0062433109510383, 0.006850383032698094, 0.009470224478788604, 0.009470224478788604, 0.0062433109510383, 0.008375482987648291, 0.007069655701755622, 0.007566407155166786, 0.007566407155166786, 0.007907753729497292, 0.007566407155166786, 0.007045166499647226, 0.006968890744124199, 0.007566407155166786, 0.009470224478788604, 0.0035179877236514597, 0.004659688571733955, 0.006968890744124199, 0.008261453706689287, 0.007659315294175125, 0.007069655701755622, 0.006328338204897583, 0.007069655701755622, 0.007457400802484546, 0.006850383032698094, 0.0073853838034787025, 0.00504690404198231, 0.007566407155166786, 0.008261453706689287, 0.008697732163410021, 0.007566407155166786, 0.007566407155166786, 0.007566407155166786, 0.008261453706689287, 0.006903912706978123, 0.005694792160943911, 0.007611100301841314, 0.009175286430333773, 0.00899984202134119, 0.007662547922831525, 0.005878053255195597, 0.005600248691026779, 0.005600248691026779, 0.0073853838034787025, 0.00729169091575707, 0.007611100301841314, 0.007069655701755622, 0.009535686850714955, 0.02254056617527217, 0.007457400802484546, 0.007144855809992065, 0.009008319232043064, 0.0048350116580804, 0.005225162712704536, 0.00447128436288389, 0.007457400802484546, 0.009535686850714955, 0.007717936143396818, 0.006903912706978123, 0.009980701515881402, 0.009470224478788604, 0.007566407155166786, 0.00729169091575707, 0.007069655701755622], [0.010944545960620635, 0.01143609139497182, 0.009132638153261008, 0.010944545960620635, 0.010944545960620635, 0.01143609139497182, 0.01143609139497182, 0.009716284256258131, 0.009132638153261008, 0.011049846485808265, 0.010944545960620635, 0.00929824519385709, 0.009132638153261008, 0.00886820095874264, 0.007907753729497292, 0.0, 0.008686556485459325, 0.01143609139497182, 0.009596361741442318, 0.010589045128345517, 0.00929824519385709, 0.008879257708563192, 0.01143609139497182, 0.009754098765098992, 0.00431477071696963, 0.011809441254060438, 0.011287455676928206, 0.01143609139497182, 0.01118439245479284, 0.00431477071696963, 0.01143609139497182, 0.011665836219184548, 0.00823651123626186, 0.009716284256258131, 0.011049846485808265, 0.011049846485808265, 0.008686556485459325, 0.009132638153261008, 0.005210814008604465, 0.005210814008604465, 0.008686556485459325, 0.002759736623304408, 0.00929824519385709, 0.010944545960620635, 0.010944545960620635, 0.0, 0.010944545960620635, 0.0105908894836142, 0.010540303944854638, 0.010944545960620635, 0.005210814008604465, 0.00865498738705844, 0.007628238953340982, 0.010540303944854638, 0.01143609139497182, 0.009754098765098992, 0.00929824519385709, 0.008747868104817714, 0.00929824519385709, 0.009596361741442318, 0.009132638153261008, 0.009540504487101625, 0.009381034562102184, 0.010944545960620635, 0.01143609139497182, 0.010589045128345517, 0.010944545960620635, 0.010944545960620635, 0.010944545960620635, 0.01143609139497182, 0.009172859020463286, 0.008301083646131325, 0.009716284256258131, 0.010984680833888066, 0.01083856486592295, 0.0097566373619916, 0.00842786105809987, 0.00823651123626186, 0.00823651123626186, 0.009540504487101625, 0.009468161825542214, 0.009716284256258131, 0.00929824519385709, 0.011287455676928206, 0.023335690592856784, 0.009596361741442318, 0.00935554896782108, 0.00431477071696963, 0.009268759721783261, 0.00947812715786279, 0.009084324570387626, 0.009596361741442318, 0.011287455676928206, 0.011049846485808265, 0.009172859020463286, 0.011665836219184548, 0.005210814008604465, 0.010944545960620635, 0.009468161825542214, 0.00929824519385709], [0.00899984202134119, 0.00959157216097078, 0.007736371386081143, 0.00899984202134119, 0.00899984202134119, 0.00959157216097078, 0.00959157216097078, 0.008417395222596245, 0.007736371386081143, 0.009127605243703875, 0.00899984202134119, 0.0033167906340332972, 0.007736371386081143, 0.006313403073589162, 0.0062433109510383, 0.008686556485459325, 0.0, 0.00959157216097078, 0.008278678714480608, 0.009411388809050146, 0.0033167906340332972, 0.00431477071696963, 0.00959157216097078, 0.004436910991244946, 0.008879257708563192, 0.01076611653838472, 0.007207662040047613, 0.00959157216097078, 0.007045166499647226, 0.008879257708563192, 0.00959157216097078, 0.007786878136824958, 0.002759736623304408, 0.008417395222596245, 0.009127605243703875, 0.009127605243703875, 0.0, 0.007736371386081143, 0.009347542658224609, 0.009347542658224609, 0.0, 0.00823651123626186, 0.0033167906340332972, 0.00899984202134119, 0.00899984202134119, 0.008686556485459325, 0.00899984202134119, 0.00941346390225757, 0.008503650826255713, 0.00899984202134119, 0.009347542658224609, 0.007166252106583827, 0.005885269077471749, 0.008503650826255713, 0.00959157216097078, 0.004436910991244946, 0.0033167906340332972, 0.004037477586838944, 0.0033167906340332972, 0.008278678714480608, 0.007736371386081143, 0.007227398978426987, 0.008028086449480483, 0.00899984202134119, 0.00959157216097078, 0.009411388809050146, 0.00899984202134119, 0.00899984202134119, 0.00899984202134119, 0.00959157216097078, 0.002947045814747238, 0.0054883567508891146, 0.008417395222596245, 0.009854419090304828, 0.007566407155166786, 0.008463943241680373, 0.006890225293821145, 0.002759736623304408, 0.002759736623304408, 0.007227398978426987, 0.007131630842914969, 0.008417395222596245, 0.0033167906340332972, 0.007207662040047613, 0.022825442340303526, 0.008278678714480608, 0.005225162712704536, 0.008879257708563192, 0.007896598594656318, 0.007144855809992065, 0.006613548444300497, 0.008278678714480608, 0.007207662040047613, 0.009127605243703875, 0.002947045814747238, 0.007786878136824958, 0.009347542658224609, 0.00899984202134119, 0.007131630842914969, 0.0033167906340332972], [0.0033167906340332972, 0.0, 0.009509305431782246, 0.0033167906340332972, 0.0033167906340332972, 0.0, 0.0, 0.008912114770631734, 0.009509305431782246, 0.002947045814747238, 0.0033167906340332972, 0.00899984202134119, 0.009509305431782246, 0.009756381562273899, 0.008261453706689287, 0.01143609139497182, 0.00959157216097078, 0.0, 0.009041117782702763, 0.007855195268303906, 0.00899984202134119, 0.00941346390225757, 0.0, 0.008503650826255713, 0.0105908894836142, 0.012054738466771842, 0.006328338204897583, 0.0, 0.006508754528430009, 0.0105908894836142, 0.0, 0.005600248691026779, 0.009980701515881402, 0.008912114770631734, 0.002947045814747238, 0.002947045814747238, 0.00959157216097078, 0.009509305431782246, 0.010179960891962206, 0.010179960891962206, 0.00959157216097078, 0.01109810975635675, 0.00899984202134119, 0.0033167906340332972, 0.0033167906340332972, 0.01143609139497182, 0.0033167906340332972, 0.00431477071696963, 0.004436910991244946, 0.0033167906340332972, 0.010179960891962206, 0.00747498359356111, 0.00852022047043853, 0.004436910991244946, 0.0, 0.008503650826255713, 0.00899984202134119, 0.009535686850714955, 0.00899984202134119, 0.009041117782702763, 0.009509305431782246, 0.00910004085512344, 0.006540670985364787, 0.0033167906340332972, 0.0, 0.007855195268303906, 0.0033167906340332972, 0.0033167906340332972, 0.0033167906340332972, 0.0, 0.009127605243703875, 0.00786614242777739, 0.008912114770631734, 0.00729169091575707, 0.007069655701755622, 0.008867919531655187, 0.010139187710003484, 0.009980701515881402, 0.009980701515881402, 0.00910004085512344, 0.009175286430333773, 0.008912114770631734, 0.00899984202134119, 0.006328338204897583, 0.02400684779077824, 0.009041117782702763, 0.00894025858713757, 0.0105908894836142, 0.006698826734137611, 0.006399163380750044, 0.0069468866043717855, 0.009041117782702763, 0.006328338204897583, 0.002947045814747238, 0.009127605243703875, 0.005600248691026779, 0.010179960891962206, 0.0033167906340332972, 0.009175286430333773, 0.00899984202134119], [0.008410749708004223, 0.009041117782702763, 0.002947045814747238, 0.008410749708004223, 0.008410749708004223, 0.009041117782702763, 0.009041117782702763, 0.004436910991244946, 0.002947045814747238, 0.009509305431782246, 0.008410749708004223, 0.008918386702066988, 0.002947045814747238, 0.005355134254898677, 0.007457400802484546, 0.009596361741442318, 0.008278678714480608, 0.009041117782702763, 0.0, 0.004476350975685445, 0.008918386702066988, 0.008480652990047268, 0.009041117782702763, 0.008417395222596245, 0.010521758646378299, 0.011187530703266784, 0.009784397686807954, 0.009041117782702763, 0.008720565288407778, 0.010521758646378299, 0.009041117782702763, 0.009330024601221244, 0.007805150544838111, 0.004436910991244946, 0.009509305431782246, 0.009509305431782246, 0.008278678714480608, 0.002947045814747238, 0.010919832476044968, 0.010919832476044968, 0.008278678714480608, 0.009985304447167621, 0.008918386702066988, 0.008410749708004223, 0.008410749708004223, 0.009596361741442318, 0.008410749708004223, 0.007945096879251096, 0.008912114770631734, 0.008410749708004223, 0.010919832476044968, 0.006575453528475034, 0.005822381741465353, 0.008912114770631734, 0.009041117782702763, 0.008417395222596245, 0.008918386702066988, 0.007227398978426987, 0.008918386702066988, 0.0, 0.002947045814747238, 0.004037477586838944, 0.00798209928962526, 0.008410749708004223, 0.009041117782702763, 0.004476350975685445, 0.008410749708004223, 0.008410749708004223, 0.008410749708004223, 0.009041117782702763, 0.007736371386081143, 0.00787326154669002, 0.004436910991244946, 0.005345376913723666, 0.00827237044137743, 0.004524596336606283, 0.004589261014366211, 0.007805150544838111, 0.007805150544838111, 0.004037477586838944, 0.006299092236028951, 0.004436910991244946, 0.008918386702066988, 0.009784397686807954, 0.023186951354761225, 0.0, 0.00795213154464754, 0.010521758646378299, 0.007364624173380864, 0.008095986291656906, 0.007131110385847521, 0.0, 0.009784397686807954, 0.009509305431782246, 0.007736371386081143, 0.009330024601221244, 0.010919832476044968, 0.008410749708004223, 0.006299092236028951, 0.008918386702066988], [0.007120603386874814, 0.007855195268303906, 0.005359365362777504, 0.007120603386874814, 0.007120603386874814, 0.007855195268303906, 0.007855195268303906, 0.00630268967995016, 0.005359365362777504, 0.008389825489091134, 0.007120603386874814, 0.009978744381189715, 0.005359365362777504, 0.006979626132215768, 0.008697732163410021, 0.010589045128345517, 0.009411388809050146, 0.007855195268303906, 0.004476350975685445, 0.0, 0.009978744381189715, 0.00958953560893945, 0.007855195268303906, 0.009533638360610608, 0.011434383370788148, 0.012716139801805953, 0.008700386200398971, 0.007855195268303906, 0.007484019033371214, 0.011434383370788148, 0.007855195268303906, 0.0