[[[0.0, 0.03750508837900026, 0.09653741052284062, 0.048459355160836146, 0.13519715514748815, 0.09436637340141374, 0.050023522807252155, 0.07379692529063338], [0.03750508837900026, 0.0, 0.09082690770479508, 0.027548478072194047, 0.14073064949943703, 0.08936425443099472, 0.029475544517605052, 0.0675112842016798], [0.09653741052284062, 0.09082690770479508, 0.0, 0.09713156773848822, 0.17076338070342678, 0.13647398612694744, 0.11190748776604799, 0.12101491741229395], [0.048459355160836146, 0.027548478072194047, 0.09713156773848822, 0.0, 0.12353713741239539, 0.08657220962765953, 0.03164782759118673, 0.06759241939622783], [0.13519715514748815, 0.14073064949943703, 0.17076338070342678, 0.12353713741239539, 0.0, 0.13177601114109264, 0.13543793614299768, 0.1461258548341786], [0.09436637340141374, 0.08936425443099472, 0.13647398612694744, 0.08657220962765953, 0.13177601114109264, 0.0, 0.07657717092728818, 0.09042300412406969], [0.050023522807252155, 0.029475544517605052, 0.11190748776604799, 0.03164782759118673, 0.13543793614299768, 0.07657717092728818, 0.0, 0.052301623555616635], [0.07379692529063338, 0.0675112842016798, 0.12101491741229395, 0.06759241939622783, 0.1461258548341786, 0.09042300412406969, 0.052301623555616635, 0.0]], [[0.0, 0.009818125424816991, 0.12173314175392952, 0.08658412756680008, 0.07730474100929878, 0.07437475884208813, 0.06795287381318138, 0.08555601519090139], [0.009818125424816991, 0.0, 0.11392413791137233, 0.08327284510630997, 0.07593440203196974, 0.0739711420483317, 0.06724936440698286, 0.08815517173230344], [0.12173314175392952, 0.11392413791137233, 0.0, 0.10321572653664399, 0.1250676266201105, 0.12389676246992146, 0.13293423443125787, 0.1374590248367573], [0.08658412756680008, 0.08327284510630997, 0.10321572653664399, 0.0, 0.08894607355645272, 0.10550815447173231, 0.10187360822724836, 0.11286903373023334], [0.07730474100929878, 0.07593440203196974, 0.1250676266201105, 0.08894607355645272, 0.0, 0.08346301979353721, 0.08340289613109529, 0.10438017320851796], [0.07437475884208813, 0.0739711420483317, 0.12389676246992146, 0.10550815447173231, 0.08346301979353721, 0.0, 0.06588694819640754, 0.10637491635803693], [0.06795287381318138, 0.06724936440698286, 0.13293423443125787, 0.10187360822724836, 0.08340289613109529, 0.06588694819640754, 0.0, 0.09597337865648273], [0.08555601519090139, 0.08815517173230344, 0.1374590248367573, 0.11286903373023334, 0.10438017320851796, 0.10637491635803693, 0.09597337865648273, 0.0]], [[0.0, 0.05039505141283313, 0.11770411668139766, 0.09171515803134078, 0.11264691672949602, 0.08311785105449943, 0.09368198437512529, 0.04504579005755858], [0.05039505141283313, 0.0, 0.10550374898911154, 0.08288965827277314, 0.1086983851789284, 0.06671055388465429, 0.07908513586289444, 0.019569018642102323], [0.11770411668139766, 0.10550374898911154, 0.0, 0.11971719135260904, 0.14612967138772065, 0.11045415703004048, 0.12919800813267315, 0.11427330148835552], [0.09171515803134078, 0.08288965827277314, 0.11971719135260904, 0.0, 0.10267515099109142, 0.09665990118552696, 0.10989024320544209, 0.08411344572480997], [0.11264691672949602, 0.1086983851789284, 0.14612967138772065, 0.10267515099109142, 0.0, 0.09837240812748828, 0.12436374766005087, 0.10803473378452735], [0.08311785105449943, 0.06671055388465429, 0.11045415703004048, 0.09665990118552696, 0.09837240812748828, 0.0, 0.09331895968128415, 0.06342232905555877], [0.09368198437512529, 0.07908513586289444, 0.12919800813267315, 0.10989024320544209, 0.12436374766005087, 0.09331895968128415, 0.0, 0.0750528538520246], [0.04504579005755858, 0.019569018642102323, 0.11427330148835552, 0.08411344572480997, 0.10803473378452735, 0.06342232905555877, 0.0750528538520246, 0.0]], [[0.0, 0.06162167279236987, 0.06967120432168424, 0.08959043465064574, 0.10401780168925295, 0.0672161522833674, 0.09270915089824068, 0.10125551484236506], [0.06162167279236987, 0.0, 0.00986691538669558, 0.06772086152953487, 0.09830422106580118, 0.01229437720226041, 0.10577591301203375, 0.10215057592391995], [0.06967120432168424, 0.00986691538669558, 0.0, 0.07020170594403559, 0.09988286100937432, 0.009543059782025866, 0.1094078409410107, 0.10500222947882766], [0.08959043465064574, 0.06772086152953487, 0.07020170594403559, 0.0, 0.08157315361917679, 0.07162358849275123, 0.1234644601141776, 0.10132195542254123], [0.10401780168925295, 0.09830422106580118, 0.09988286100937432, 0.08157315361917679, 0.0, 0.09569022302248414, 0.12753049575242767, 0.12000291246968971], [0.0672161522833674, 0.01229437720226041, 0.009543059782025866, 0.07162358849275123, 0.09569022302248414, 0.0, 0.10552085426563634, 0.1049820594467969], [0.09270915089824068, 0.10577591301203375, 0.1094078409410107, 0.1234644601141776, 0.12753049575242767, 0.10552085426563634, 0.0, 0.11918918341954776], [0.10125551484236506, 0.10215057592391995, 0.10500222947882766, 0.10132195542254123, 0.12000291246968971, 0.1049820594467969, 0.11918918341954776, 0.0]], [[0.0, 0.07293248023157842, 0.1325954553997249, 0.07864899029065815, 0.0645292332517409, 0.12157050929033014, 0.080488173630293, 0.059357443512516095], [0.07293248023157842, 0.0, 0.11724378269008406, 0.07528295445829535, 0.059981286866901885, 0.12375098785560441, 0.08626366830322131, 0.06241774071124164], [0.1325954553997249, 0.11724378269008406, 0.0, 0.10494242197723919, 0.11812525173264551, 0.16408705829507036, 0.13252981688236098, 0.12122369231295547], [0.07864899029065815, 0.07528295445829535, 0.10494242197723919, 0.0, 0.06128708041480678, 0.13336460942240239, 0.08916356705887085, 0.06704008347534098], [0.0645292332517409, 0.059981286866901885, 0.11812525173264551, 0.06128708041480678, 0.0, 0.10942496907941364, 0.06810782909755173, 0.02396126485664331], [0.12157050929033014, 0.12375098785560441, 0.16408705829507036, 0.13336460942240239, 0.10942496907941364, 0.0, 0.12361391854861625, 0.11995607651827543], [0.080488173630293, 0.08626366830322131, 0.13252981688236098, 0.08916356705887085, 0.06810782909755173, 0.12361391854861625, 0.0, 0.05486223711618447], [0.059357443512516095, 0.06241774071124164, 0.12122369231295547, 0.06704008347534098, 0.02396126485664331, 0.11995607651827543, 0.05486223711618447, 0.0]], [[0.0, 0.008250333715083524, 0.06490918414822199, 0.08011454136150595, 0.1420182718603581, 0.12529551393566862, 0.01900017505727217, 0.06474269458473672], [0.008250333715083524, 0.0, 0.06173196396564799, 0.08030080252437721, 0.14227516810417473, 0.12688626273530662, 0.024758326954424058, 0.07106850463794621], [0.06490918414822199, 0.06173196396564799, 0.0, 0.05190304296341215, 0.13516292346475578, 0.136179005938483, 0.06834420807600214, 0.09446291777165611], [0.08011454136150595, 0.08030080252437721, 0.05190304296341215, 0.0, 0.13062648596426804, 0.14061189489597378, 0.08110823019220788, 0.0964159271701452], [0.1420182718603581, 0.14227516810417473, 0.13516292346475578, 0.13062648596426804, 0.0, 0.14894939387732212, 0.13785637369013753, 0.15014865751581477], [0.12529551393566862, 0.12688626273530662, 0.136179005938483, 0.14061189489597378, 0.14894939387732212, 0.0, 0.11478140576256825, 0.13986829639157652], [0.01900017505727217, 0.024758326954424058, 0.06834420807600214, 0.08110823019220788, 0.13785637369013753, 0.11478140576256825, 0.0, 0.054212669364702044], [0.06474269458473672, 0.07106850463794621, 0.09446291777165611, 0.0964159271701452, 0.15014865751581477, 0.13986829639157652, 0.054212669364702044, 0.0]], [[0.0, 0.017390414247932452, 0.11189147895160133, 0.06285359620428058, 0.08608114000107392, 0.07065296372588667, 0.06876350730180925, 0.08659783176995826], [0.017390414247932452, 0.0, 0.10519281691879993, 0.06505683995380497, 0.08484883936968583, 0.07116440003430735, 0.07266076520855361, 0.09934889832719197], [0.11189147895160133, 0.10519281691879993, 0.0, 0.10782000681952823, 0.13501268464631488, 0.12990143765933834, 0.12366610822161374, 0.1369415004618551], [0.06285359620428058, 0.06505683995380497, 0.10782000681952823, 0.0, 0.08428033846898883, 0.09375995070816864, 0.08562235848218597, 0.10621175755761311], [0.08608114000107392, 0.08484883936968583, 0.13501268464631488, 0.08428033846898883, 0.0, 0.09740245297945337, 0.10092250306709295, 0.12707047213417252], [0.07065296372588667, 0.07116440003430735, 0.12990143765933834, 0.09375995070816864, 0.09740245297945337, 0.0, 0.08602322159032047, 0.11619064328540672], [0.06876350730180925, 0.07266076520855361, 0.12366610822161374, 0.08562235848218597, 0.10092250306709295, 0.08602322159032047, 0.0, 0.09640800247824859], [0.08659783176995826, 0.09934889832719197, 0.1369415004618551, 0.10621175755761311, 0.12707047213417252, 0.11619064328540672, 0.09640800247824859, 0.0]], [[0.0, 0.017475172511219217, 0.10872871833241604, 0.055756651438780995, 0.1051171125013444, 0.020154535719579685, 0.04813578338814508, 0.10227479044830008], [0.017475172511219217, 0.0, 0.10358250600329309, 0.05611511983307745, 0.10530246132040458, 0.022448512325764412, 0.05355992178478572, 0.11151246907004166], [0.10872871833241604, 0.10358250600329309, 0.0, 0.09610333583277858, 0.1313183860280006, 0.10963950002515598, 0.11706513479425466, 0.117420055788852], [0.055756651438780995, 0.05611511983307745, 0.09610333583277858, 0.0, 0.08265027305615769, 0.05203901443522895, 0.07487036212770667, 0.10061658078405225], [0.1051171125013444, 0.10530246132040458, 0.1313183860280006, 0.08265027305615769, 0.0, 0.09291540500917363, 0.11166336488642688, 0.12811847278996533], [0.020154535719579685, 0.022448512325764412, 0.10963950002515598, 0.05203901443522895, 0.09291540500917363, 0.0, 0.04309062594141323, 0.10791164941264468], [0.04813578338814508, 0.05355992178478572, 0.11706513479425466, 0.07487036212770667, 0.11166336488642688, 0.04309062594141323, 0.0, 0.10180627704834716], [0.10227479044830008, 0.11151246907004166, 0.117420055788852, 0.10061658078405225, 0.12811847278996533, 0.10791164941264468, 0.10180627704834716, 0.0]]]