[[[0.0, 0.12112422231567994, 0.0664227897138529, 0.019178005878971595, 0.022039039889295266, 0.09629403656656535, 0.07241070812419284, 0.05271779987744261], [0.12112422231567994, 0.0, 0.12896423813682495, 0.13690645766509144, 0.13651386529128137, 0.15442455950825446, 0.13651417264155763, 0.1357283962538893], [0.0664227897138529, 0.12896423813682495, 0.0, 0.0650845732052507, 0.06845912181146337, 0.10202275433947156, 0.09467807762126369, 0.08131915411425457], [0.019178005878971595, 0.13690645766509144, 0.0650845732052507, 0.0, 0.014306192333875978, 0.09731040549488029, 0.07711234343431156, 0.06047448705696004], [0.022039039889295266, 0.13651386529128137, 0.06845912181146337, 0.014306192333875978, 0.0, 0.08526324826275218, 0.07256615799964315, 0.058920139309752706], [0.09629403656656535, 0.15442455950825446, 0.10202275433947156, 0.09731040549488029, 0.08526324826275218, 0.0, 0.09670085706837277, 0.09620004177752225], [0.07241070812419284, 0.13651417264155763, 0.09467807762126369, 0.07711234343431156, 0.07256615799964315, 0.09670085706837277, 0.0, 0.07883373694777009], [0.05271779987744261, 0.1357283962538893, 0.08131915411425457, 0.06047448705696004, 0.058920139309752706, 0.09620004177752225, 0.07883373694777009, 0.0]], [[0.0, 0.013248780948090106, 0.10329430360566029, 0.10151391409772297, 0.07399990970149418, 0.07362122977479343, 0.10251006330200851, 0.010734329041487387], [0.013248780948090106, 0.0, 0.09111642844152534, 0.09786180868814684, 0.07135433477789058, 0.07265814567827886, 0.10175481079706314, 0.016549265018204244], [0.10329430360566029, 0.09111642844152534, 0.0, 0.10370932929899201, 0.10468298108814501, 0.11395692165294408, 0.12368616056549535, 0.10190607934128224], [0.10151391409772297, 0.09786180868814684, 0.10370932929899201, 0.0, 0.08999029522781855, 0.11225331886108157, 0.12598430670948346, 0.09993434082726574], [0.07399990970149418, 0.07135433477789058, 0.10468298108814501, 0.08999029522781855, 0.0, 0.0838805267976641, 0.11761275084650681, 0.0734719643152123], [0.07362122977479343, 0.07265814567827886, 0.11395692165294408, 0.11225331886108157, 0.0838805267976641, 0.0, 0.10209256302714173, 0.07166005457771595], [0.10251006330200851, 0.10175481079706314, 0.12368616056549535, 0.12598430670948346, 0.11761275084650681, 0.10209256302714173, 0.0, 0.09267037634514277], [0.010734329041487387, 0.016549265018204244, 0.10190607934128224, 0.09993434082726574, 0.0734719643152123, 0.07166005457771595, 0.09267037634514277, 0.0]], [[0.0, 0.06289742340506482, 0.07402843868742516, 0.09480371166868175, 0.032046403392803804, 0.16390367842083267, 0.023682765343336347, 0.006765614123204113], [0.06289742340506482, 0.0, 0.07177494690826189, 0.09767193594658348, 0.06822056182940092, 0.16731169802091375, 0.06952184652760357, 0.06847408018722904], [0.07402843868742516, 0.07177494690826189, 0.0, 0.0947660780739545, 0.07285441157437256, 0.16586295406959733, 0.07555231541016667, 0.07571351588312551], [0.09480371166868175, 0.09767193594658348, 0.0947660780739545, 0.0, 0.08084090320217376, 0.16454213841614349, 0.09331282198522259, 0.09647536072764494], [0.032046403392803804, 0.06822056182940092, 0.07285441157437256, 0.08084090320217376, 0.0, 0.13532277262973189, 0.016297475520636637, 0.03142598418500846], [0.16390367842083267, 0.16731169802091375, 0.16586295406959733, 0.16454213841614349, 0.13532277262973189, 0.0, 0.14200239367439324, 0.16293453785095965], [0.023682765343336347, 0.06952184652760357, 0.07555231541016667, 0.09331282198522259, 0.016297475520636637, 0.14200239367439324, 0.0, 0.0218628699819052], [0.006765614123204113, 0.06847408018722904, 0.07571351588312551, 0.09647536072764494, 0.03142598418500846, 0.16293453785095965, 0.0218628699819052, 0.0]], [[0.0, 0.08053472327739604, 0.09518168966120999, 0.07515210084310486, 0.07410539723305942, 0.08208246258722342, 0.11856020155317222, 0.07907415232872754], [0.08053472327739604, 0.0, 0.08058237538455276, 0.08454812505539172, 0.08553045251129161, 0.08921692916149232, 0.1212564307289558, 0.09026575529845328], [0.09518168966120999, 0.08058237538455276, 0.0, 0.0687789968762813, 0.07697371943319707, 0.09084149732256072, 0.12082705755742672, 0.09011634840940727], [0.07515210084310486, 0.08454812505539172, 0.0687789968762813, 0.0, 0.011374206677754635, 0.060166734939049095, 0.10806087326731337, 0.07221600938381872], [0.07410539723305942, 0.08553045251129161, 0.07697371943319707, 0.011374206677754635, 0.0, 0.05345591337321988, 0.10799075781672061, 0.07273772000074165], [0.08208246258722342, 0.08921692916149232, 0.09084149732256072, 0.060166734939049095, 0.05345591337321988, 0.0, 0.09937842212277687, 0.08132004387443224], [0.11856020155317222, 0.1212564307289558, 0.12082705755742672, 0.10806087326731337, 0.10799075781672061, 0.09937842212277687, 0.0, 0.09660931766113823], [0.07907415232872754, 0.09026575529845328, 0.09011634840940727, 0.07221600938381872, 0.07273772000074165, 0.08132004387443224, 0.09660931766113823, 0.0]], [[0.0, 0.06866662139191627, 0.10623935764082322, 0.0745756128686832, 0.0942154138766681, 0.09252889311157217, 0.06757781122477831, 0.10990952220708226], [0.06866662139191627, 0.0, 0.0800163364164713, 0.009940337440060532, 0.06629744981386426, 0.07132357200268932, 0.02060347624601238, 0.1240456161437894], [0.10623935764082322, 0.0800163364164713, 0.0, 0.07979381222666275, 0.1027921349098474, 0.10528895600515668, 0.08837542001182797, 0.1325421477367448], [0.0745756128686832, 0.009940337440060532, 0.07979381222666275, 0.0, 0.06013043237866276, 0.07207563495670567, 0.021830813772119748, 0.1254666766154765], [0.0942154138766681, 0.06629744981386426, 0.1027921349098474, 0.06013043237866276, 0.0, 0.08683861716573417, 0.06473418418948003, 0.13143650117285463], [0.09252889311157217, 0.07132357200268932, 0.10528895600515668, 0.07207563495670567, 0.08683861716573417, 0.0, 0.06355468992883058, 0.13471619780436173], [0.06757781122477831, 0.02060347624601238, 0.08837542001182797, 0.021830813772119748, 0.06473418418948003, 0.06355468992883058, 0.0, 0.1118843137548181], [0.10990952220708226, 0.1240456161437894, 0.1325421477367448, 0.1254666766154765, 0.13143650117285463, 0.13471619780436173, 0.1118843137548181, 0.0]], [[0.0, 0.08268011056450632, 0.05874910344865197, 0.0849738330065685, 0.060974767021663254, 0.11278627198313079, 0.08287248056160058, 0.05626026339237378], [0.08268011056450632, 0.0, 0.08324276277085127, 0.10570127877731642, 0.0930177072254299, 0.12265684440804889, 0.10467580460371245, 0.10612106836625865], [0.05874910344865197, 0.08324276277085127, 0.0, 0.058561968721728495, 0.016407767254421012, 0.1054172137583767, 0.06538380925708395, 0.07101859479214918], [0.0849738330065685, 0.10570127877731642, 0.058561968721728495, 0.0, 0.059325117070393014, 0.11737517745487579, 0.08420381172378785, 0.09401054461611351], [0.060974767021663254, 0.0930177072254299, 0.016407767254421012, 0.059325117070393014, 0.0, 0.09623348003851416, 0.06243340508111835, 0.07076878584802046], [0.11278627198313079, 0.12265684440804889, 0.1054172137583767, 0.11737517745487579, 0.09623348003851416, 0.0, 0.0970118948641221, 0.11901093891948741], [0.08287248056160058, 0.10467580460371245, 0.06538380925708395, 0.08420381172378785, 0.06243340508111835, 0.0970118948641221, 0.0, 0.08628416369301657], [0.05626026339237378, 0.10612106836625865, 0.07101859479214918, 0.09401054461611351, 0.07076878584802046, 0.11901093891948741, 0.08628416369301657, 0.0]], [[0.0, 0.10249095795345957, 0.06485933812122759, 0.0690825391554514, 0.09353096628910848, 0.0652113191687748, 0.07457400662145566, 0.013574291885821257], [0.10249095795345957, 0.0, 0.10378807064512847, 0.12163448515182879, 0.13050941109940395, 0.11715860254120378, 0.12644546774329274, 0.11129199715508362], [0.06485933812122759, 0.10378807064512847, 0.0, 0.0704195331694474, 0.0873171167090723, 0.08446355938316234, 0.09580036037308755, 0.06907273311493382], [0.0690825391554514, 0.12163448515182879, 0.0704195331694474, 0.0, 0.07689406241411312, 0.07228775925988984, 0.08683756602303812, 0.06829441018624724], [0.09353096628910848, 0.13050941109940395, 0.0873171167090723, 0.07689406241411312, 0.0, 0.07770849704225483, 0.10927168928072993, 0.09392689390362442], [0.0652113191687748, 0.11715860254120378, 0.08446355938316234, 0.07228775925988984, 0.07770849704225483, 0.0, 0.07216520230454454, 0.06222806470040933], [0.07457400662145566, 0.12644546774329274, 0.09580036037308755, 0.08683756602303812, 0.10927168928072993, 0.07216520230454454, 0.0, 0.0652961538877464], [0.013574291885821257, 0.11129199715508362, 0.06907273311493382, 0.06829441018624724, 0.09392689390362442, 0.06222806470040933, 0.0652961538877464, 0.0]], [[0.0, 0.14644565832501782, 0.11693573823767006, 0.11065498693130656, 0.12428460741831401, 0.11144495544821387, 0.12370344173788277, 0.0979084395397317], [0.14644565832501782, 0.0, 0.12058363021440556, 0.141997109928031, 0.1509802920565707, 0.1431307335577838, 0.14243634446728118, 0.14143386292802376], [0.11693573823767006, 0.12058363021440556, 0.0, 0.06105505669431428, 0.0919157335389886, 0.06621962276987652, 0.08132098264985578, 0.06595237883424954], [0.11065498693130656, 0.141997109928031, 0.06105505669431428, 0.0, 0.06323607360436498, 0.01277990342676052, 0.06269867243907014, 0.01897895209705395], [0.12428460741831401, 0.1509802920565707, 0.0919157335389886, 0.06323607360436498, 0.0, 0.06691086119240433, 0.08968775470968854, 0.07320564263987894], [0.11144495544821387, 0.1431307335577838, 0.06621962276987652, 0.01277990342676052, 0.06691086119240433, 0.0, 0.05379641074713768, 0.016336835224674762], [0.12370344173788277, 0.14243634446728118, 0.08132098264985578, 0.06269867243907014, 0.08968775470968854, 0.05379641074713768, 0.0, 0.05879525529885238], [0.0979084395397317, 0.14143386292802376, 0.06595237883424954, 0.01897895209705395, 0.07320564263987894, 0.016336835224674762, 0.05879525529885238, 0.0]], [[0.0, 0.06014134373141697, 0.11709936097174577, 0.1144219630551013, 0.06306258708818738, 0.07337640626325585, 0.10905099679212281, 0.057424872835397975], [0.06014134373141697, 0.0, 0.10157930212758431, 0.10209419398415545, 0.015395137605959227, 0.06170126561643585, 0.10537534526759942, 0.01601014653340394], [0.11709936097174577, 0.10157930212758431, 0.0, 0.10653154643451482, 0.10805300922715583, 0.12292146916839114, 0.14620715364769432, 0.11114489862328902], [0.1144219630551013, 0.10209419398415545, 0.10653154643451482, 0.0, 0.09752876004593974, 0.11157911558368121, 0.13819020462703543, 0.10657847893161669], [0.06306258708818738, 0.015395137605959227, 0.10805300922715583, 0.09752876004593974, 0.0, 0.0524516502213743, 0.1026949770454377, 0.017432814250158954], [0.07337640626325585, 0.06170126561643585, 0.12292146916839114, 0.11157911558368121, 0.0524516502213743, 0.0, 0.09602375307789751, 0.05759447932033868], [0.10905099679212281, 0.10537534526759942, 0.14620715364769432, 0.13819020462703543, 0.1026949770454377, 0.09602375307789751, 0.0, 0.09416900395704127], [0.057424872835397975, 0.01601014653340394, 0.11114489862328902, 0.10657847893161669, 0.017432814250158954, 0.05759447932033868, 0.09416900395704127, 0.0]], [[0.0, 0.12054571895250601, 0.06982095714856001, 0.0746882109892338, 0.1241891302269049, 0.12053159283414959, 0.0746848879556103, 0.06419762588051756], [0.12054571895250601, 0.0, 0.1277998269756, 0.140256621314807, 0.16001414240954828, 0.16633269714346188, 0.14286046115435197, 0.13809139311001667], [0.06982095714856001, 0.1277998269756, 0.0, 0.017445346156334175, 0.10816327282786636, 0.10682249660732959, 0.021896948179688472, 0.01614907221895353], [0.0746882109892338, 0.140256621314807, 0.017445346156334175, 0.0, 0.09883575101002269, 0.10162426937808808, 0.016197696155449214, 0.015974570829279805], [0.1241891302269049, 0.16001414240954828, 0.10816327282786636, 0.09883575101002269, 0.0, 0.10413385080749951, 0.10549701074650061, 0.10936664035785928], [0.12053159283414959, 0.16633269714346188, 0.10682249660732959, 0.10162426937808808, 0.10413385080749951, 0.0, 0.09272780055972654, 0.10517576881777017], [0.0746848879556103, 0.14286046115435197, 0.021896948179688472, 0.016197696155449214, 0.10549701074650061, 0.09272780055972654, 0.0, 0.017117588358658484], [0.06419762588051756, 0.13809139311001667, 0.01614907221895353, 0.015974570829279805, 0.10936664035785928, 0.10517576881777017, 0.017117588358658484, 0.0]], [[0.0, 0.08632307975529334, 0.07498368610054383, 0.09088011000287456, 0.07240807983801618, 0.09518271535139748, 0.06820597385002915, 0.09522627323625267], [0.08632307975529334, 0.0, 0.08014088728932045, 0.10816234883084086, 0.09856521309083931, 0.11350847519262149, 0.09610775011942574, 0.11965464789135476], [0.07498368610054383, 0.08014088728932045, 0.0, 0.07119108207207361, 0.061201486611167956, 0.08539942931524847, 0.06083358149852011, 0.10670404384828765], [0.09088011000287456, 0.10816234883084086, 0.07119108207207361, 0.0, 0.06729331668524996, 0.08993115933613822, 0.07052969929342463, 0.11835191351965063], [0.07240807983801618, 0.09856521309083931, 0.061201486611167956, 0.06729331668524996, 0.0, 0.06211794958944474, 0.01655759193305051, 0.10082689799992552], [0.09518271535139748, 0.11350847519262149, 0.08539942931524847, 0.08993115933613822, 0.06211794958944474, 0.0, 0.05684526170553071, 0.10572118385874535], [0.06820597385002915, 0.09610775011942574, 0.06083358149852011, 0.07052969929342463, 0.01655759193305051, 0.05684526170553071, 0.0, 0.086022437363357], [0.09522627323625267, 0.11965464789135476, 0.10670404384828765, 0.11835191351965063, 0.10082689799992552, 0.10572118385874535, 0.086022437363357, 0.0]], [[0.0, 0.08533217197306449, 0.13301737557502763, 0.09514558879468973, 0.09712974313352167, 0.09980229147133432, 0.09086316181094478, 0.11229415112693004], [0.08533217197306449, 0.0, 0.0987140599226808, 0.014917498344503675, 0.02641422566966038, 0.060224465430359114, 0.028064155451753465, 0.10950671376370914], [0.13301737557502763, 0.0987140599226808, 0.0, 0.10591211310791272, 0.12170998766239188, 0.13112828030600823, 0.12093184481985403, 0.1471872252552033], [0.09514558879468973, 0.014917498344503675, 0.10591211310791272, 0.0, 0.018132083857182287, 0.06143045032208301, 0.02392349837786985, 0.11303572884018956], [0.09712974313352167, 0.02641422566966038, 0.12170998766239188, 0.018132083857182287, 0.0, 0.053144619846117486, 0.01617028624410313, 0.11412863699716617], [0.09980229147133432, 0.060224465430359114, 0.13112828030600823, 0.06143045032208301, 0.053144619846117486, 0.0, 0.05209847831128468, 0.11797531067561053], [0.09086316181094478, 0.028064155451753465, 0.12093184481985403, 0.02392349837786985, 0.01617028624410313, 0.05209847831128468, 0.0, 0.09896427071296345], [0.11229415112693004, 0.10950671376370914, 0.1471872252552033, 0.11303572884018956, 0.11412863699716617, 0.11797531067561053, 0.09896427071296345, 0.0]], [[0.0, 0.06793271578087269, 0.06544153083366182, 0.06937042818127367, 0.14114709156822433, 0.13882110932654387, 0.07067751171513496, 0.06067067029016834], [0.06793271578087269, 0.0, 0.05549090192701909, 0.06543753455287922, 0.14047347126191556, 0.13972948810847105, 0.06764641429855167, 0.06308601323053634], [0.06544153083366182, 0.05549090192701909, 0.0, 0.018963125595712532, 0.13532588005829635, 0.13162900171175818, 0.02259238239415329, 0.012312393307961004], [0.06937042818127367, 0.06543753455287922, 0.018963125595712532, 0.0, 0.1207818671741332, 0.12255914366285929, 0.018503859146230563, 0.01861275002393808], [0.14114709156822433, 0.14047347126191556, 0.13532588005829635, 0.1207818671741332, 0.0, 0.10503654422266583, 0.12587826943293096, 0.13501267878852882], [0.13882110932654387, 0.13972948810847105, 0.13162900171175818, 0.12255914366285929, 0.10503654422266583, 0.0, 0.11348356047543962, 0.13094479950780563], [0.07067751171513496, 0.06764641429855167, 0.02259238239415329, 0.018503859146230563, 0.12587826943293096, 0.11348356047543962, 0.0, 0.02167141358323593], [0.06067067029016834, 0.06308601323053634, 0.012312393307961004, 0.01861275002393808, 0.13501267878852882, 0.13094479950780563, 0.02167141358323593, 0.0]], [[0.0, 0.06366650586324417, 0.10423158220600674, 0.06360840501871282, 0.0740217120463187, 0.10878483224976412, 0.06486673579508741, 0.009889847355700634], [0.06366650586324417, 0.0, 0.08729150988164923, 0.08437886435556761, 0.0924804187050814, 0.11648125853272537, 0.08579387177900358, 0.0684715902807844], [0.10423158220600674, 0.08729150988164923, 0.0, 0.09852308414459672, 0.11354558158316017, 0.13018543675951633, 0.1129040348985729, 0.10642701510905923], [0.06360840501871282, 0.08437886435556761, 0.09852308414459672, 0.0, 0.07036709265266, 0.10518952719292281, 0.08514114572480307, 0.06441488503246447], [0.0740217120463187, 0.0924804187050814, 0.11354558158316017, 0.07036709265266, 0.0, 0.09421600266258125, 0.08677810967287711, 0.07361253884589038], [0.10878483224976412, 0.11648125853272537, 0.13018543675951633, 0.10518952719292281, 0.09421600266258125, 0.0, 0.1052909915433305, 0.10808467200921715], [0.06486673579508741, 0.08579387177900358, 0.1129040348985729, 0.08514114572480307, 0.08677810967287711, 0.1052909915433305, 0.0, 0.05730894646371791], [0.009889847355700634, 0.0684715902807844, 0.10642701510905923, 0.06441488503246447, 0.07361253884589038, 0.10808467200921715, 0.05730894646371791, 0.0]], [[0.0, 0.08422828385496092, 0.06241395986967048, 0.11617349595342265, 0.0939938150897213, 0.06889659194355699, 0.08594190001395388, 0.0801694312248943], [0.08422828385496092, 0.0, 0.08846597661978563, 0.12998490505616012, 0.1213754131344781, 0.10023558530827363, 0.10641226015366657, 0.09624840213981832], [0.06241395986967048, 0.08846597661978563, 0.0, 0.09323857643900205, 0.06856308154464687, 0.017982239737043125, 0.06496931569721329, 0.06618670210513704], [0.11617349595342265, 0.12998490505616012, 0.09323857643900205, 0.0, 0.09461014113226827, 0.10171523100130739, 0.1127179493178675, 0.12239786136926546], [0.0939938150897213, 0.1213754131344781, 0.06856308154464687, 0.09461014113226827, 0.0, 0.06555907793846288, 0.08543060431237462, 0.09700695055496006], [0.06889659194355699, 0.10023558530827363, 0.017982239737043125, 0.10171523100130739, 0.06555907793846288, 0.0, 0.05786724419810564, 0.06778463946355924], [0.08594190001395388, 0.10641226015366657, 0.06496931569721329, 0.1127179493178675, 0.08543060431237462, 0.05786724419810564, 0.0, 0.07974325201593427], [0.0801694312248943, 0.09624840213981832, 0.06618670210513704, 0.12239786136926546, 0.09700695055496006, 0.06778463946355924, 0.07974325201593427, 0.0]], [[0.0, 0.09122415517150084, 0.13479138937933738, 0.016347634986122156, 0.015153619121798316, 0.10558419407407696, 0.015488951407383773, 0.06670210620328634], [0.09122415517150084, 0.0, 0.12904853946163017, 0.09569484803400219, 0.09882587231166927, 0.13330828435736256, 0.09782622663167095, 0.11178085829979516], [0.13479138937933738, 0.12904853946163017, 0.0, 0.12375038603533754, 0.13610726574311885, 0.15432630685208848, 0.13563246131017473, 0.14450346599119607], [0.016347634986122156, 0.09569484803400219, 0.12375038603533754, 0.0, 0.018179572433372503, 0.10491833108847333, 0.02111570722829283, 0.07165018837618044], [0.015153619121798316, 0.09882587231166927, 0.13610726574311885, 0.018179572433372503, 0.0, 0.0955360262249567, 0.011495074227444156, 0.07043252688818083], [0.10558419407407696, 0.13330828435736256, 0.15432630685208848, 0.10491833108847333, 0.0955360262249567, 0.0, 0.09393274942982724, 0.11249645275011116], [0.015488951407383773, 0.09782622663167095, 0.13563246131017473, 0.02111570722829283, 0.011495074227444156, 0.09393274942982724, 0.0, 0.06039483651300881], [0.06670210620328634, 0.11178085829979516, 0.14450346599119607, 0.07165018837618044, 0.07043252688818083, 0.11249645275011116, 0.06039483651300881, 0.0]], [[0.0, 0.014459918269908162, 0.09922377313180537, 0.06772469504906634, 0.10343487394531509, 0.023547417290125987, 0.10023330792194779, 0.05754730750409288], [0.014459918269908162, 0.0, 0.08786820817177071, 0.06639742398725268, 0.10198936902539206, 0.025387386274443615, 0.10197567228212505, 0.06306170880728741], [0.09922377313180537, 0.08786820817177071, 0.0, 0.09755446990075924, 0.1250092686208876, 0.09621113325702957, 0.12297299182173364, 0.10314782162606136], [0.06772469504906634, 0.06639742398725268, 0.09755446990075924, 0.0, 0.09113495461401959, 0.06447290405694277, 0.10871358467791892, 0.073184532184375], [0.10343487394531509, 0.10198936902539206, 0.1250092686208876, 0.09113495461401959, 0.0, 0.08982745188132492, 0.13485399818454394, 0.11261552487880173], [0.023547417290125987, 0.025387386274443615, 0.09621113325702957, 0.06447290405694277, 0.08982745188132492, 0.0, 0.08486139455704904, 0.06123130593115127], [0.10023330792194779, 0.10197567228212505, 0.12297299182173364, 0.10871358467791892, 0.13485399818454394, 0.08486139455704904, 0.0, 0.09396982366820658], [0.05754730750409288, 0.06306170880728741, 0.10314782162606136, 0.073184532184375, 0.11261552487880173, 0.06123130593115127, 0.09396982366820658, 0.0]], [[0.0, 0.1085095713570662, 0.07637833932559945, 0.12058098457594468, 0.10023337926997351, 0.10823602369503577, 0.0780083658983813, 0.07348174637628577], [0.1085095713570662, 0.0, 0.09605178802072871, 0.1333190992292664, 0.12392190033421636, 0.1333934973603059, 0.10873581789995611, 0.10859914876146319], [0.07637833932559945, 0.09605178802072871, 0.0, 0.08909018941684688, 0.06936643526441438, 0.09159860843890597, 0.02284612178423471, 0.02017250546931238], [0.12058098457594468, 0.1333190992292664, 0.08909018941684688, 0.0, 0.08605460928235674, 0.11276943291332832, 0.09878719363258326, 0.10149882843839547], [0.10023337926997351, 0.12392190033421636, 0.06936643526441438, 0.08605460928235674, 0.0, 0.08743548646709391, 0.0688958206724366, 0.07300774106034315], [0.10823602369503577, 0.1333934973603059, 0.09159860843890597, 0.11276943291332832, 0.08743548646709391, 0.0, 0.07913830014226536, 0.09125915172180739], [0.0780083658983813, 0.10873581789995611, 0.02284612178423471, 0.09878719363258326, 0.0688958206724366, 0.07913830014226536, 0.0, 0.01461927693340954], [0.07348174637628577, 0.10859914876146319, 0.02017250546931238, 0.10149882843839547, 0.07300774106034315, 0.09125915172180739, 0.01461927693340954, 0.0]], [[0.0, 0.10623656935269281, 0.0624154060919201, 0.105837090330115, 0.025789092351863274, 0.07279016280615111, 0.06036574772115867, 0.020875897114137655], [0.10623656935269281, 0.0, 0.11208007217757418, 0.15114116267575722, 0.12522324892750675, 0.13790107181158845, 0.1233424775278962, 0.12481129096182063], [0.0624154060919201, 0.11208007217757418, 0.0, 0.09095238241722708, 0.06289097952909557, 0.08752913215319344, 0.07640045374295108, 0.06768200340187867], [0.105837090330115, 0.15114116267575722, 0.09095238241722708, 0.0, 0.09466857635285197, 0.11983422677776229, 0.1104359402876703, 0.10597242073966968], [0.025789092351863274, 0.12522324892750675, 0.06289097952909557, 0.09466857635285197, 0.0, 0.06112856365507113, 0.05783561571068244, 0.017525847155043232], [0.07279016280615111, 0.13790107181158845, 0.08752913215319344, 0.11983422677776229, 0.06112856365507113, 0.0, 0.07437631071850054, 0.07104987844359746], [0.06036574772115867, 0.1233424775278962, 0.07640045374295108, 0.1104359402876703, 0.05783561571068244, 0.07437631071850054, 0.0, 0.0554325050315241], [0.020875897114137655, 0.12481129096182063, 0.06768200340187867, 0.10597242073966968, 0.017525847155043232, 0.07104987844359746, 0.0554325050315241, 0.0]], [[0.0, 0.13067152072040514, 0.1379002004684195, 0.1138517175324872, 0.11483011224932195, 0.11275991466522031, 0.09618315951455028], [0.13067152072040514, 0.0, 0.12600731676606328, 0.1340443589372693, 0.14070833389077622, 0.13960067989396213, 0.13652631707927876], [0.1379002004684195, 0.12600731676606328, 0.0, 0.08916307911473166, 0.1043689926504779, 0.1033176094673758, 0.10806297848763964], [0.1138517175324872, 0.1340443589372693, 0.08916307911473166, 0.0, 0.016682403507136796, 0.01646736757980729, 0.06737879421683557], [0.11483011224932195, 0.14070833389077622, 0.1043689926504779, 0.016682403507136796, 0.0, 0.005371352512343722, 0.06870910074117864], [0.11275991466522031, 0.13960067989396213, 0.1033176094673758, 0.01646736757980729, 0.005371352512343722, 0.0, 0.06403748389660009], [0.09618315951455028, 0.13652631707927876, 0.10806297848763964, 0.06737879421683557, 0.06870910074117864, 0.06403748389660009, 0.0]]]