[[[0.0, 0.013806747233943427, 0.06265056415061372, 0.10971403194323319, 0.067566759073598, 0.023212562468112635, 0.09011774065035101, 0.09697521222258264], [0.013806747233943427, 0.0, 0.06228539820885448, 0.10903765525102083, 0.06709172557927895, 0.019479018662439333, 0.09369866382531317, 0.10955906578842751], [0.06265056415061372, 0.06228539820885448, 0.0, 0.09427099550972089, 0.07963785223318172, 0.06343372313823968, 0.11006205238819279, 0.11763051298999107], [0.10971403194323319, 0.10903765525102083, 0.09427099550972089, 0.0, 0.09879954374801184, 0.10310377116204474, 0.1305042315690934, 0.14738418212636042], [0.067566759073598, 0.06709172557927895, 0.07963785223318172, 0.09879954374801184, 0.0, 0.0529791944092295, 0.09653595747749406, 0.12221684384767016], [0.023212562468112635, 0.019479018662439333, 0.06343372313823968, 0.10310377116204474, 0.0529791944092295, 0.0, 0.0822837926439969, 0.10635171998171916], [0.09011774065035101, 0.09369866382531317, 0.11006205238819279, 0.1305042315690934, 0.09653595747749406, 0.0822837926439969, 0.0, 0.10040369539659269], [0.09697521222258264, 0.10955906578842751, 0.11763051298999107, 0.14738418212636042, 0.12221684384767016, 0.10635171998171916, 0.10040369539659269, 0.0]], [[0.0, 0.013450078439196756, 0.08246850478753968, 0.06639603498105764, 0.09567841224702385, 0.019070932416965176, 0.1071665422583493, 0.05757680683813723], [0.013450078439196756, 0.0, 0.07540095090185073, 0.06615920274266035, 0.093873872224277, 0.020407157154389954, 0.10535736615613447, 0.0629170671636133], [0.08246850478753968, 0.07540095090185073, 0.0, 0.07383390793315162, 0.10934008648952082, 0.08093299859043136, 0.1145882791762886, 0.0887324621508703], [0.06639603498105764, 0.06615920274266035, 0.07383390793315162, 0.0, 0.08529920315981938, 0.061737063479953926, 0.11570720127102578, 0.0762618507426926], [0.09567841224702385, 0.093873872224277, 0.10934008648952082, 0.08529920315981938, 0.0, 0.08582559520870787, 0.13657757849018004, 0.1054430120217637], [0.019070932416965176, 0.020407157154389954, 0.08093299859043136, 0.061737063479953926, 0.08582559520870787, 0.0, 0.09583044308296748, 0.06272808811489282], [0.1071665422583493, 0.10535736615613447, 0.1145882791762886, 0.11570720127102578, 0.13657757849018004, 0.09583044308296748, 0.0, 0.1090872440611417], [0.05757680683813723, 0.0629170671636133, 0.0887324621508703, 0.0762618507426926, 0.1054430120217637, 0.06272808811489282, 0.1090872440611417, 0.0]], [[0.0, 0.06731189811125243, 0.02094336540181615, 0.11218099918598116, 0.09943467812049463, 0.11070190612332789, 0.06068195015580877, 0.008418136628171143], [0.06731189811125243, 0.0, 0.06782984654912723, 0.12950204081730787, 0.11968301105046836, 0.1323730598448491, 0.09439183268362107, 0.0733465060168518], [0.02094336540181615, 0.06782984654912723, 0.0, 0.09551344549363186, 0.09628703992645159, 0.11035589621441652, 0.056661841356702464, 0.02042811068669742], [0.11218099918598116, 0.12950204081730787, 0.09551344549363186, 0.0, 0.1160946492020411, 0.14352716552396513, 0.09399697077623607, 0.10999376332734928], [0.09943467812049463, 0.11968301105046836, 0.09628703992645159, 0.1160946492020411, 0.0, 0.10393166470417393, 0.08104616570954004, 0.0969671520895843], [0.11070190612332789, 0.1323730598448491, 0.11035589621441652, 0.14352716552396513, 0.10393166470417393, 0.0, 0.09717583910035339, 0.10762264908251404], [0.06068195015580877, 0.09439183268362107, 0.056661841356702464, 0.09399697077623607, 0.08104616570954004, 0.09717583910035339, 0.0, 0.0559056806741409], [0.008418136628171143, 0.0733465060168518, 0.02042811068669742, 0.10999376332734928, 0.0969671520895843, 0.10762264908251404, 0.0559056806741409, 0.0]], [[0.0, 0.08075484870044979, 0.06565787150570634, 0.0677464652486224, 0.11211388048596425, 0.0957030618951565, 0.06625879178282258, 0.0736166364152114], [0.08075484870044979, 0.0, 0.07138630465447814, 0.07981107057726473, 0.10111723785109045, 0.10011223937451322, 0.08172266620855383, 0.09606819272374995], [0.06565787150570634, 0.07138630465447814, 0.0, 0.013436740355515746, 0.09972892257217748, 0.07250832186321825, 0.02092192506894723, 0.08653751465100448], [0.0677464652486224, 0.07981107057726473, 0.013436740355515746, 0.0, 0.09550874385672764, 0.06915143421883402, 0.01749270815663172, 0.08780610284982274], [0.11211388048596425, 0.10111723785109045, 0.09972892257217748, 0.09550874385672764, 0.0, 0.09590969096464562, 0.09761928363089754, 0.10525937550178893], [0.0957030618951565, 0.10011223937451322, 0.07250832186321825, 0.06915143421883402, 0.09590969096464562, 0.0, 0.058676556287922815, 0.10478399405858473], [0.06625879178282258, 0.08172266620855383, 0.02092192506894723, 0.01749270815663172, 0.09761928363089754, 0.058676556287922815, 0.0, 0.08146681922410623], [0.0736166364152114, 0.09606819272374995, 0.08653751465100448, 0.08780610284982274, 0.10525937550178893, 0.10478399405858473, 0.08146681922410623, 0.0]], [[0.0, 0.019487975915719907, 0.07314669468554434, 0.02059259135813803, 0.06058865087457751, 0.10310203514040775, 0.10187724434480032, 0.08276713650014408], [0.019487975915719907, 0.0, 0.06941923107994437, 0.010150852387322759, 0.05837592207829322, 0.10658843180931374, 0.10967739199565536, 0.09993092248284287], [0.07314669468554434, 0.06941923107994437, 0.0, 0.06766653408958027, 0.07822635043261573, 0.12476109957440049, 0.12848323237145426, 0.11348442516328482], [0.02059259135813803, 0.010150852387322759, 0.06766653408958027, 0.0, 0.05155911917675492, 0.10084603082617942, 0.10836070750447696, 0.09857137683846585], [0.06058865087457751, 0.05837592207829322, 0.07822635043261573, 0.05155911917675492, 0.0, 0.08072144048684761, 0.11402110062800161, 0.10700494012523976], [0.10310203514040775, 0.10658843180931374, 0.12476109957440049, 0.10084603082617942, 0.08072144048684761, 0.0, 0.11492288526425572, 0.1181533170343114], [0.10187724434480032, 0.10967739199565536, 0.12848323237145426, 0.10836070750447696, 0.11402110062800161, 0.11492288526425572, 0.0, 0.09654263987447287], [0.08276713650014408, 0.09993092248284287, 0.11348442516328482, 0.09857137683846585, 0.10700494012523976, 0.1181533170343114, 0.09654263987447287, 0.0]], [[0.0, 0.0979082801688806, 0.11134219426272256, 0.11288468546674449, 0.12445583586774567, 0.14271933846244741, 0.1250273800126255, 0.12998082033377892], [0.0979082801688806, 0.0, 0.014655034511377202, 0.01768799022185266, 0.07176429607564976, 0.10589967035814421, 0.06812022971481375, 0.10026422169505106], [0.11134219426272256, 0.014655034511377202, 0.0, 0.007580998887885582, 0.07182851166811985, 0.10707662165477529, 0.0666318640556551, 0.10014186833500986], [0.11288468546674449, 0.01768799022185266, 0.007580998887885582, 0.0, 0.06529040982515304, 0.10533595054496625, 0.06427252635053872, 0.10021474803839678], [0.12445583586774567, 0.07176429607564976, 0.07182851166811985, 0.06529040982515304, 0.0, 0.09014056757667212, 0.0769073127526114, 0.11232723243872675], [0.14271933846244741, 0.10589967035814421, 0.10707662165477529, 0.10533595054496625, 0.09014056757667212, 0.0, 0.10588983140850587, 0.12677662666252], [0.1250273800126255, 0.06812022971481375, 0.0666318640556551, 0.06427252635053872, 0.0769073127526114, 0.10588983140850587, 0.0, 0.082549355790232], [0.12998082033377892, 0.10026422169505106, 0.10014186833500986, 0.10021474803839678, 0.11232723243872675, 0.12677662666252, 0.082549355790232, 0.0]], [[0.0, 0.04221962752163101, 0.05187847624352332, 0.08590687910218593, 0.08705181211020292, 0.11908173273479956, 0.05065490096438746, 0.09604899130617142], [0.04221962752163101, 0.0, 0.014506042858341622, 0.09381465418486798, 0.08827274736947015, 0.11633538095817673, 0.0185514389252608, 0.09296844975451848], [0.05187847624352332, 0.014506042858341622, 0.0, 0.08871620464548256, 0.08889935650658859, 0.11725266336369432, 0.02040073761043521, 0.0940888327171063], [0.08590687910218593, 0.09381465418486798, 0.08871620464548256, 0.0, 0.09212329564848698, 0.14357472781018835, 0.0990684135271266, 0.1320812874908962], [0.08705181211020292, 0.08827274736947015, 0.08889935650658859, 0.09212329564848698, 0.0, 0.1096156686726732, 0.08867773635939, 0.12552113067413886], [0.11908173273479956, 0.11633538095817673, 0.11725266336369432, 0.14357472781018835, 0.1096156686726732, 0.0, 0.10438952330075078, 0.13030331175243698], [0.05065490096438746, 0.0185514389252608, 0.02040073761043521, 0.0990684135271266, 0.08867773635939, 0.10438952330075078, 0.0, 0.08472932276360393], [0.09604899130617142, 0.09296844975451848, 0.0940888327171063, 0.1320812874908962, 0.12552113067413886, 0.13030331175243698, 0.08472932276360393, 0.0]], [[0.0, 0.11644478348240744, 0.11824910043802055, 0.13658110766546297, 0.11955935769941191, 0.11970880421554574, 0.11784002382336138, 0.11283613965106049], [0.11644478348240744, 0.0, 0.06268032016731256, 0.09772214900535134, 0.08731017881972938, 0.08816685738856135, 0.06543322629780324, 0.0581305614662306], [0.11824910043802055, 0.06268032016731256, 0.0, 0.06973118889467202, 0.058909482167152215, 0.06539036718975508, 0.016155816830647964, 0.0511942928747483], [0.13658110766546297, 0.09772214900535134, 0.06973118889467202, 0.0, 0.07617847423494309, 0.09511920152059951, 0.07425902302613475, 0.08291168670911242], [0.11955935769941191, 0.08731017881972938, 0.058909482167152215, 0.07617847423494309, 0.0, 0.07602707874101879, 0.05906372203613172, 0.07422560697459435], [0.11970880421554574, 0.08816685738856135, 0.06539036718975508, 0.09511920152059951, 0.07602707874101879, 0.0, 0.05341123220599753, 0.05702179425125777], [0.11784002382336138, 0.06543322629780324, 0.016155816830647964, 0.07425902302613475, 0.05906372203613172, 0.05341123220599753, 0.0, 0.04269865981536538], [0.11283613965106049, 0.0581305614662306, 0.0511942928747483, 0.08291168670911242, 0.07422560697459435, 0.05702179425125777, 0.04269865981536538, 0.0]]]