[[[0.0, 0.040671082872773226, 0.04447680205120794, 0.057410152721849926, 0.05061528905602528, 0.06423254270448926, 0.05918459509368925, 0.039498027196350004], [0.040671082872773226, 0.0, 0.043413842388542956, 0.057333617795411324, 0.04857641556621512, 0.06723162278550834, 0.0583235222242784, 0.03883426592445184], [0.04447680205120794, 0.043413842388542956, 0.0, 0.058303790176237345, 0.0511481191250314, 0.06666195006692736, 0.05897834882323066, 0.037245207850215095], [0.057410152721849926, 0.057333617795411324, 0.058303790176237345, 0.0, 0.05380931741847622, 0.07002804820049752, 0.061722248458871774, 0.057549388916516286], [0.05061528905602528, 0.04857641556621512, 0.0511481191250314, 0.05380931741847622, 0.0, 0.0626769322896069, 0.06039697687692905, 0.05036728718834067], [0.06423254270448926, 0.06723162278550834, 0.06666195006692736, 0.07002804820049752, 0.0626769322896069, 0.0, 0.05955270113146527, 0.07038852758060636], [0.05918459509368925, 0.0583235222242784, 0.05897834882323066, 0.061722248458871774, 0.06039697687692905, 0.05955270113146527, 0.0, 0.06024493461054287], [0.039498027196350004, 0.03883426592445184, 0.037245207850215095, 0.057549388916516286, 0.05036728718834067, 0.07038852758060636, 0.06024493461054287, 0.0]], [[0.0, 0.05931848506700549, 0.05267441891366335, 0.061021774476692534, 0.06422845289647534, 0.05712206922868809, 0.047605600495817316, 0.048606421508439614], [0.05931848506700549, 0.0, 0.05010032655148891, 0.05878548170941126, 0.06152797369276814, 0.057072785597366206, 0.0549034020030497, 0.054752477560586724], [0.05267441891366335, 0.05010032655148891, 0.0, 0.05716698925902487, 0.06168558202812437, 0.053465675087481936, 0.04647089323618368, 0.04940999645651821], [0.061021774476692534, 0.05878548170941126, 0.05716698925902487, 0.0, 0.0650587915781798, 0.0638046131040309, 0.06459632767764842, 0.06539640642609955], [0.06422845289647534, 0.06152797369276814, 0.06168558202812437, 0.0650587915781798, 0.0, 0.06122283765524214, 0.06324012825738408, 0.0670401603449537], [0.05712206922868809, 0.057072785597366206, 0.053465675087481936, 0.0638046131040309, 0.06122283765524214, 0.0, 0.05166529007274164, 0.05652664629388291], [0.047605600495817316, 0.0549034020030497, 0.04647089323618368, 0.06459632767764842, 0.06324012825738408, 0.05166529007274164, 0.0, 0.03051442993528692], [0.048606421508439614, 0.054752477560586724, 0.04940999645651821, 0.06539640642609955, 0.0670401603449537, 0.05652664629388291, 0.03051442993528692, 0.0]], [[0.0, 0.06959920483275288, 0.07526078862432169, 0.0635208160250103, 0.07021944915368211, 0.0700512129414647, 0.0692754043623811, 0.07121361097835888], [0.06959920483275288, 0.0, 0.04567566943870485, 0.05048709684427695, 0.05791969536878133, 0.05582739110419382, 0.050566662145231034, 0.05467467191558556], [0.07526078862432169, 0.04567566943870485, 0.0, 0.04984806427139259, 0.05857933118801653, 0.0557911442016161, 0.04869729991336589, 0.05172466255694417], [0.0635208160250103, 0.05048709684427695, 0.04984806427139259, 0.0, 0.056531159793278385, 0.05730370679190628, 0.051875971155523885, 0.05617817764438303], [0.07021944915368211, 0.05791969536878133, 0.05857933118801653, 0.056531159793278385, 0.0, 0.05709461231154162, 0.05591809219320639, 0.05707016512942628], [0.0700512129414647, 0.05582739110419382, 0.0557911442016161, 0.05730370679190628, 0.05709461231154162, 0.0, 0.0527063726602562, 0.05854854824148211], [0.0692754043623811, 0.050566662145231034, 0.04869729991336589, 0.051875971155523885, 0.05591809219320639, 0.0527063726602562, 0.0, 0.05247337880790321], [0.07121361097835888, 0.05467467191558556, 0.05172466255694417, 0.05617817764438303, 0.05707016512942628, 0.05854854824148211, 0.05247337880790321, 0.0]], [[0.0, 0.046657448856715154, 0.05480454218600153, 0.054040740659435205, 0.05115448159804324, 0.055709575806956776, 0.057546263427590394, 0.06342811791111216], [0.046657448856715154, 0.0, 0.05060812079689262, 0.04211142779435265, 0.047124946234946466, 0.047505352413571664, 0.053782223538186937, 0.07105062528428384], [0.05480454218600153, 0.05060812079689262, 0.0, 0.06066808175982865, 0.05576357385466483, 0.058553361477355716, 0.05687996084283544, 0.07023738182536343], [0.054040740659435205, 0.04211142779435265, 0.06066808175982865, 0.0, 0.041893547558586236, 0.04514858130156642, 0.05830300451600547, 0.07699063726859771], [0.05115448159804324, 0.047124946234946466, 0.05576357385466483, 0.041893547558586236, 0.0, 0.04703189423818909, 0.05380134101831239, 0.06761745059289063], [0.055709575806956776, 0.047505352413571664, 0.058553361477355716, 0.04514858130156642, 0.04703189423818909, 0.0, 0.05659282831867683, 0.07046210093925266], [0.057546263427590394, 0.053782223538186937, 0.05687996084283544, 0.05830300451600547, 0.05380134101831239, 0.05659282831867683, 0.0, 0.06000331453504236], [0.06342811791111216, 0.07105062528428384, 0.07023738182536343, 0.07699063726859771, 0.06761745059289063, 0.07046210093925266, 0.06000331453504236, 0.0]], [[0.0, 0.059402548750606105, 0.0380981213114023, 0.03664219447411838, 0.05952477636329622, 0.05621395915871441, 0.03991991207180203, 0.06967296238015536], [0.059402548750606105, 0.0, 0.05710624864655539, 0.056834545017404606, 0.06510166180463922, 0.06534315075920126, 0.05855690039465652, 0.07067280127746467], [0.0380981213114023, 0.05710624864655539, 0.0, 0.03816400480636893, 0.05806721587500957, 0.05499335816879355, 0.04391655335546452, 0.06770550361537127], [0.03664219447411838, 0.056834545017404606, 0.03816400480636893, 0.0, 0.05916153379964011, 0.057364051074128, 0.042531211445187726, 0.06636639216853704], [0.05952477636329622, 0.06510166180463922, 0.05806721587500957, 0.05916153379964011, 0.0, 0.05589916703731388, 0.05491498560834387, 0.0677195944754924], [0.05621395915871441, 0.06534315075920126, 0.05499335816879355, 0.057364051074128, 0.05589916703731388, 0.0, 0.051371652612175724, 0.0658875246881383], [0.03991991207180203, 0.05855690039465652, 0.04391655335546452, 0.042531211445187726, 0.05491498560834387, 0.051371652612175724, 0.0, 0.06306965726809861], [0.06967296238015536, 0.07067280127746467, 0.06770550361537127, 0.06636639216853704, 0.0677195944754924, 0.0658875246881383, 0.06306965726809861, 0.0]], [[0.0, 0.05134261577580656, 0.047744923830378094, 0.04105804561143938, 0.05524343703487086, 0.06123030424581517, 0.04977025979941613, 0.043548735886000986], [0.05134261577580656, 0.0, 0.052811986923963355, 0.051063241275421355, 0.06034591159643716, 0.06430204187332958, 0.057485635491864424, 0.05815257674767542], [0.047744923830378094, 0.052811986923963355, 0.0, 0.041661370518050425, 0.05595991936145794, 0.06107445295756722, 0.04677904147249181, 0.053205728060553646], [0.04105804561143938, 0.051063241275421355, 0.041661370518050425, 0.0, 0.04908929817820062, 0.057062537381903984, 0.04964909567268482, 0.05298407982160591], [0.05524343703487086, 0.06034591159643716, 0.05595991936145794, 0.04908929817820062, 0.0, 0.05479694236210829, 0.05877934598666354, 0.0642450850707647], [0.06123030424581517, 0.06430204187332958, 0.06107445295756722, 0.057062537381903984, 0.05479694236210829, 0.0, 0.056224350866583984, 0.06302864990803501], [0.04977025979941613, 0.057485635491864424, 0.04677904147249181, 0.04964909567268482, 0.05877934598666354, 0.056224350866583984, 0.0, 0.05366707685460027], [0.043548735886000986, 0.05815257674767542, 0.053205728060553646, 0.05298407982160591, 0.0642450850707647, 0.06302864990803501, 0.05366707685460027, 0.0]], [[0.0, 0.045765142774279184, 0.05214808699474306, 0.051806797147336416, 0.04680822488969763, 0.05429547984030488, 0.051308007488297495, 0.060734634519442735], [0.045765142774279184, 0.0, 0.054405620416469076, 0.05390021714093852, 0.051443233680761, 0.05499756470312918, 0.0534753177131972, 0.06432360110254098], [0.05214808699474306, 0.054405620416469076, 0.0, 0.053264569596951715, 0.05289269251998956, 0.05537336170657887, 0.051303034901859876, 0.06433679533125342], [0.051806797147336416, 0.05390021714093852, 0.053264569596951715, 0.0, 0.047209485035420315, 0.05111014763135171, 0.05573371344229073, 0.06436657321798428], [0.04680822488969763, 0.051443233680761, 0.05289269251998956, 0.047209485035420315, 0.0, 0.04908630039486131, 0.05014485045296058, 0.0649503344203799], [0.05429547984030488, 0.05499756470312918, 0.05537336170657887, 0.05111014763135171, 0.04908630039486131, 0.0, 0.052336697523815694, 0.06303227455216946], [0.051308007488297495, 0.0534753177131972, 0.051303034901859876, 0.05573371344229073, 0.05014485045296058, 0.052336697523815694, 0.0, 0.06185053589871832], [0.060734634519442735, 0.06432360110254098, 0.06433679533125342, 0.06436657321798428, 0.0649503344203799, 0.06303227455216946, 0.06185053589871832, 0.0]], [[0.0, 0.048321326570692574, 0.05536115642501567, 0.06261114347364016, 0.052708526036501606, 0.03982917327237284, 0.030367077762702543, 0.059714625574025515], [0.048321326570692574, 0.0, 0.05377268561066307, 0.06007560830881977, 0.055073642990260886, 0.0512744749546329, 0.05166573736322204, 0.058747381328738815], [0.05536115642501567, 0.05377268561066307, 0.0, 0.05739253562990435, 0.058653858261107424, 0.05740621646229327, 0.055042992063196856, 0.06027403385203204], [0.06261114347364016, 0.06007560830881977, 0.05739253562990435, 0.0, 0.057575422379075515, 0.059873606871025324, 0.06318844200339392, 0.06190432380046813], [0.052708526036501606, 0.055073642990260886, 0.058653858261107424, 0.057575422379075515, 0.0, 0.05641285414649996, 0.05403653551220075, 0.05856925637583818], [0.03982917327237284, 0.0512744749546329, 0.05740621646229327, 0.059873606871025324, 0.05641285414649996, 0.0, 0.040604348335892715, 0.05969320874092215], [0.030367077762702543, 0.05166573736322204, 0.055042992063196856, 0.06318844200339392, 0.05403653551220075, 0.040604348335892715, 0.0, 0.058133027422957305], [0.059714625574025515, 0.058747381328738815, 0.06027403385203204, 0.06190432380046813, 0.05856925637583818, 0.05969320874092215, 0.058133027422957305, 0.0]], [[0.0, 0.05562442243402485, 0.058111689159359645, 0.05471030932144245, 0.055685273324195546, 0.058733951240024264, 0.052355165720628045, 0.05224734407152898], [0.05562442243402485, 0.0, 0.06182889086193253, 0.05125522417221065, 0.05341982578263553, 0.058101191643759, 0.04721134479122247, 0.05378543562208894], [0.058111689159359645, 0.06182889086193253, 0.0, 0.06198425001937098, 0.06113530554532145, 0.05947902151907035, 0.056687385400724745, 0.06155216122085848], [0.05471030932144245, 0.05125522417221065, 0.06198425001937098, 0.0, 0.033836612361965994, 0.05830866956996455, 0.03762300585018239, 0.04528684777351695], [0.055685273324195546, 0.05341982578263553, 0.06113530554532145, 0.033836612361965994, 0.0, 0.05574066583729772, 0.04172339375446606, 0.04813738310827535], [0.058733951240024264, 0.058101191643759, 0.05947902151907035, 0.05830866956996455, 0.05574066583729772, 0.0, 0.05327644599808195, 0.060995653784679936], [0.052355165720628045, 0.04721134479122247, 0.056687385400724745, 0.03762300585018239, 0.04172339375446606, 0.05327644599808195, 0.0, 0.04222081686112279], [0.05224734407152898, 0.05378543562208894, 0.06155216122085848, 0.04528684777351695, 0.04813738310827535, 0.060995653784679936, 0.04222081686112279, 0.0]], [[0.0, 0.04857268030732407, 0.051958290894887585, 0.04884959092590284, 0.049446509107405674, 0.05740767968062972, 0.050785364403554266, 0.05213009974870321], [0.04857268030732407, 0.0, 0.041997651131671046, 0.04645369913013019, 0.0468561658587307, 0.059087471192901794, 0.04346609984518509, 0.05269645413796581], [0.051958290894887585, 0.041997651131671046, 0.0, 0.04538293274202042, 0.04533525189864235, 0.06528083488734054, 0.04239787218863226, 0.05126293057598396], [0.04884959092590284, 0.04645369913013019, 0.04538293274202042, 0.0, 0.042703098904993804, 0.06268870630208934, 0.04876993395762612, 0.05237371904236415], [0.049446509107405674, 0.0468561658587307, 0.04533525189864235, 0.042703098904993804, 0.0, 0.050599674085865104, 0.044545007693278786, 0.047070765811757176], [0.05740767968062972, 0.059087471192901794, 0.06528083488734054, 0.06268870630208934, 0.050599674085865104, 0.0, 0.059318709215245936, 0.06036915846904141], [0.050785364403554266, 0.04346609984518509, 0.04239787218863226, 0.04876993395762612, 0.044545007693278786, 0.059318709215245936, 0.0, 0.047323690351157716], [0.05213009974870321, 0.05269645413796581, 0.05126293057598396, 0.05237371904236415, 0.047070765811757176, 0.06036915846904141, 0.047323690351157716, 0.0]], [[0.0, 0.06188238956836321, 0.06409481518837777, 0.059141676609113694, 0.06399597213423464, 0.06297320842681071, 0.05867993482185489, 0.0563026337186869], [0.06188238956836321, 0.0, 0.04941639300232137, 0.05061724708936684, 0.04453225938743648, 0.05742745377341674, 0.061297399685342015, 0.05155994981225231], [0.06409481518837777, 0.04941639300232137, 0.0, 0.0445158562479742, 0.04537438042612096, 0.05971485805073114, 0.059623120421019644, 0.04944680707310978], [0.059141676609113694, 0.05061724708936684, 0.0445158562479742, 0.0, 0.04490260012839422, 0.05037693449202768, 0.052617269466318055, 0.048752858771745324], [0.06399597213423464, 0.04453225938743648, 0.04537438042612096, 0.04490260012839422, 0.0, 0.05392334000204524, 0.059533074068062165, 0.04644896691226914], [0.06297320842681071, 0.05742745377341674, 0.05971485805073114, 0.05037693449202768, 0.05392334000204524, 0.0, 0.060308137600618685, 0.05730008934750081], [0.05867993482185489, 0.061297399685342015, 0.059623120421019644, 0.052617269466318055, 0.059533074068062165, 0.060308137600618685, 0.0, 0.05015326106598092], [0.0563026337186869, 0.05155994981225231, 0.04944680707310978, 0.048752858771745324, 0.04644896691226914, 0.05730008934750081, 0.05015326106598092, 0.0]], [[0.0, 0.042925212912735926, 0.05821623615208041, 0.048519415782314855, 0.046594224927800645, 0.05960751340896702, 0.04341852438157593, 0.05469706814891638], [0.042925212912735926, 0.0, 0.05820198815975389, 0.04972743506176576, 0.05012302146559379, 0.06289287924671884, 0.04033912580958875, 0.055532648398095893], [0.05821623615208041, 0.05820198815975389, 0.0, 0.05969311140814951, 0.054399909177410694, 0.0674831889276865, 0.059240065495970454, 0.0671696062015677], [0.048519415782314855, 0.04972743506176576, 0.05969311140814951, 0.0, 0.0413343172113807, 0.062336270248768616, 0.046138281783550145, 0.056443839510608065], [0.046594224927800645, 0.05012302146559379, 0.054399909177410694, 0.0413343172113807, 0.0, 0.05582990112293031, 0.045178118063682667, 0.05391224322579035], [0.05960751340896702, 0.06289287924671884, 0.0674831889276865, 0.062336270248768616, 0.05582990112293031, 0.0, 0.05716107776506912, 0.06320520562588908], [0.04341852438157593, 0.04033912580958875, 0.059240065495970454, 0.046138281783550145, 0.045178118063682667, 0.05716107776506912, 0.0, 0.0529714891156409], [0.05469706814891638, 0.055532648398095893, 0.0671696062015677, 0.056443839510608065, 0.05391224322579035, 0.06320520562588908, 0.0529714891156409, 0.0]], [[0.0, 0.04657202559625522, 0.04629316027790747, 0.05451656453011554, 0.06680471191559625, 0.04669707398965724, 0.05551909302505279, 0.044275541896862884], [0.04657202559625522, 0.0, 0.04289790345515946, 0.0562681435798809, 0.0697136125791737, 0.04769454261215, 0.05504430607366011, 0.041829545576956596], [0.04629316027790747, 0.04289790345515946, 0.0, 0.04645051694838017, 0.07234948515728641, 0.04744473562480854, 0.05499640878092489, 0.0443122226637539], [0.05451656453011554, 0.0562681435798809, 0.04645051694838017, 0.0, 0.06348258300098873, 0.05714173145820405, 0.05729242041759299, 0.05509974295982112], [0.06680471191559625, 0.0697136125791737, 0.07234948515728641, 0.06348258300098873, 0.0, 0.06809618045341492, 0.06847942133891874, 0.06531786971101641], [0.04669707398965724, 0.04769454261215, 0.04744473562480854, 0.05714173145820405, 0.06809618045341492, 0.0, 0.052960438627987244, 0.04409682895363733], [0.05551909302505279, 0.05504430607366011, 0.05499640878092489, 0.05729242041759299, 0.06847942133891874, 0.052960438627987244, 0.0, 0.052149478973911284], [0.044275541896862884, 0.041829545576956596, 0.0443122226637539, 0.05509974295982112, 0.06531786971101641, 0.04409682895363733, 0.052149478973911284, 0.0]], [[0.0, 0.05825058391567, 0.0632628751774791, 0.06045903840225868, 0.059966404603993224, 0.06132547410096475, 0.061679409284679146, 0.05555177294018827], [0.05825058391567, 0.0, 0.04726041518141239, 0.039680474962967956, 0.0446619574880571, 0.048408629877023955, 0.05822940909947147, 0.05234830804129916], [0.0632628751774791, 0.04726041518141239, 0.0, 0.04740340510341097, 0.04785123534421809, 0.05314442350501936, 0.05900358052944761, 0.05486788444365276], [0.06045903840225868, 0.039680474962967956, 0.04740340510341097, 0.0, 0.038002713897316374, 0.04998680790316894, 0.05628714541917193, 0.05241753214727306], [0.059966404603993224, 0.0446619574880571, 0.04785123534421809, 0.038002713897316374, 0.0, 0.053359442968470464, 0.05862950975631739, 0.05495615333003], [0.06132547410096475, 0.048408629877023955, 0.05314442350501936, 0.04998680790316894, 0.053359442968470464, 0.0, 0.055356791205268145, 0.05498129855238388], [0.061679409284679146, 0.05822940909947147, 0.05900358052944761, 0.05628714541917193, 0.05862950975631739, 0.055356791205268145, 0.0, 0.05566972786229501], [0.05555177294018827, 0.05234830804129916, 0.05486788444365276, 0.05241753214727306, 0.05495615333003, 0.05498129855238388, 0.05566972786229501, 0.0]], [[0.0, 0.057382110876458295, 0.055862486912842256, 0.059681195147267344, 0.05531398226805919, 0.06446212732620064, 0.05277329630214037, 0.058216110993822234], [0.057382110876458295, 0.0, 0.052737750734217666, 0.0624642116587526, 0.057796622674093266, 0.06896013867246499, 0.05525672518210902, 0.0600504755970909], [0.055862486912842256, 0.052737750734217666, 0.0, 0.04682145278907508, 0.04233378738883406, 0.06275005082143181, 0.04203884617394382, 0.06231702417253084], [0.059681195147267344, 0.0624642116587526, 0.04682145278907508, 0.0, 0.049917495603861606, 0.06366048117634178, 0.05517935382794791, 0.05826415446978654], [0.05531398226805919, 0.057796622674093266, 0.04233378738883406, 0.049917495603861606, 0.0, 0.05783049101602963, 0.04792786434022691, 0.0582828404824996], [0.06446212732620064, 0.06896013867246499, 0.06275005082143181, 0.06366048117634178, 0.05783049101602963, 0.0, 0.05676241034016214, 0.06255216460874333], [0.05277329630214037, 0.05525672518210902, 0.04203884617394382, 0.05517935382794791, 0.04792786434022691, 0.05676241034016214, 0.0, 0.055053092849837226], [0.058216110993822234, 0.0600504755970909, 0.06231702417253084, 0.05826415446978654, 0.0582828404824996, 0.06255216460874333, 0.055053092849837226, 0.0]], [[0.0, 0.05174851299324535, 0.05859965719349095, 0.04664545590175528, 0.06692466148712928, 0.052542186668379516, 0.04866859061798903, 0.044264006445641955], [0.05174851299324535, 0.0, 0.05797213340201803, 0.04588595063401545, 0.07180021210672853, 0.052257972500458265, 0.0446773678353422, 0.052732620163667296], [0.05859965719349095, 0.05797213340201803, 0.0, 0.04586789764919604, 0.062085879470184846, 0.05100126110235306, 0.05662007846662807, 0.060013323423172456], [0.04664545590175528, 0.04588595063401545, 0.04586789764919604, 0.0, 0.05872197967226083, 0.043762900596532185, 0.041589196291565135, 0.05066514725490803], [0.06692466148712928, 0.07180021210672853, 0.062085879470184846, 0.05872197967226083, 0.0, 0.06051464827547808, 0.06761582847496748, 0.06146788602054908], [0.052542186668379516, 0.052257972500458265, 0.05100126110235306, 0.043762900596532185, 0.06051464827547808, 0.0, 0.048451587763662554, 0.05551006130861681], [0.04866859061798903, 0.0446773678353422, 0.05662007846662807, 0.041589196291565135, 0.06761582847496748, 0.048451587763662554, 0.0, 0.053094940967323444], [0.044264006445641955, 0.052732620163667296, 0.060013323423172456, 0.05066514725490803, 0.06146788602054908, 0.05551006130861681, 0.053094940967323444, 0.0]], [[0.0, 0.041950439930798764, 0.06341595877343584, 0.05674456081856091, 0.06498160443326757, 0.0657240711284434, 0.04715020124291591, 0.03546682733427789], [0.041950439930798764, 0.0, 0.06084619523137427, 0.05611267808948768, 0.06695509344570932, 0.06422497893250978, 0.041402354961719075, 0.034008583676967234], [0.06341595877343584, 0.06084619523137427, 0.0, 0.06496548357121514, 0.06645360036054819, 0.06287396261352278, 0.06292424460037162, 0.06410686146969423], [0.05674456081856091, 0.05611267808948768, 0.06496548357121514, 0.0, 0.055556592363413926, 0.06198039391092024, 0.05604196891108386, 0.05608589273954348], [0.06498160443326757, 0.06695509344570932, 0.06645360036054819, 0.055556592363413926, 0.0, 0.06020420030271071, 0.06398922947672113, 0.07034646100515342], [0.0657240711284434, 0.06422497893250978, 0.06287396261352278, 0.06198039391092024, 0.06020420030271071, 0.0, 0.05927213016628128, 0.06539164961589457], [0.04715020124291591, 0.041402354961719075, 0.06292424460037162, 0.05604196891108386, 0.06398922947672113, 0.05927213016628128, 0.0, 0.03938880951839503], [0.03546682733427789, 0.034008583676967234, 0.06410686146969423, 0.05608589273954348, 0.07034646100515342, 0.06539164961589457, 0.03938880951839503, 0.0]], [[0.0, 0.04236935100737714, 0.04011566060044626, 0.046694627789394316, 0.050448045847405594, 0.05307319180364279, 0.04752564755875744, 0.043053216813696955], [0.04236935100737714, 0.0, 0.044758087552087766, 0.054481417213949015, 0.05593495340882997, 0.056298713077989955, 0.05399877385783548, 0.048702982010948526], [0.04011566060044626, 0.044758087552087766, 0.0, 0.047946134650713616, 0.04783908144219498, 0.05445406004661383, 0.049543984255236005, 0.04155138241457743], [0.046694627789394316, 0.054481417213949015, 0.047946134650713616, 0.0, 0.05081929463986336, 0.053494791112813744, 0.04753460537191887, 0.0473642634532431], [0.050448045847405594, 0.05593495340882997, 0.04783908144219498, 0.05081929463986336, 0.0, 0.05157679323525476, 0.05523591950324753, 0.05038624496389745], [0.05307319180364279, 0.056298713077989955, 0.05445406004661383, 0.053494791112813744, 0.05157679323525476, 0.0, 0.051194392970596275, 0.052863746150827756], [0.04752564755875744, 0.05399877385783548, 0.049543984255236005, 0.04753460537191887, 0.05523591950324753, 0.051194392970596275, 0.0, 0.0452128174224146], [0.043053216813696955, 0.048702982010948526, 0.04155138241457743, 0.0473642634532431, 0.05038624496389745, 0.052863746150827756, 0.0452128174224146, 0.0]], [[0.0, 0.06256868560623789, 0.044678200483848386, 0.04321942733521718, 0.06808908285452688, 0.06897429064199366, 0.04104258039316635, 0.04399259206863923], [0.06256868560623789, 0.0, 0.0605639673493079, 0.06080004387583023, 0.07018699265461413, 0.07202810852927832, 0.05946448093669534, 0.05913547792523145], [0.044678200483848386, 0.0605639673493079, 0.0, 0.04119464484276937, 0.06339647247994554, 0.06537189762681983, 0.042667056117046485, 0.04849450295092307], [0.04321942733521718, 0.06080004387583023, 0.04119464484276937, 0.0, 0.0626439124253315, 0.06641697445949489, 0.040804822255696135, 0.044908982525721994], [0.06808908285452688, 0.07018699265461413, 0.06339647247994554, 0.0626439124253315, 0.0, 0.06689058571177671, 0.07096152757984742, 0.06325203053743414], [0.06897429064199366, 0.07202810852927832, 0.06537189762681983, 0.06641697445949489, 0.06689058571177671, 0.0, 0.07196605080815972, 0.069006907739558], [0.04104258039316635, 0.05946448093669534, 0.042667056117046485, 0.040804822255696135, 0.07096152757984742, 0.07196605080815972, 0.0, 0.0353245795058837], [0.04399259206863923, 0.05913547792523145, 0.04849450295092307, 0.044908982525721994, 0.06325203053743414, 0.069006907739558, 0.0353245795058837, 0.0]], [[0.0, 0.060485286295693656, 0.06072490367998926, 0.05381682456345453, 0.06196335485896093, 0.05420578785326264, 0.05377780335844869, 0.05128592876219571], [0.060485286295693656, 0.0, 0.054469316467352195, 0.049590144124583575, 0.06552673747106484, 0.04987573284137433, 0.05323690137181772, 0.05335143161105474], [0.06072490367998926, 0.054469316467352195, 0.0, 0.0438769202740172, 0.06397465424148122, 0.05337045239193075, 0.05477995571226515, 0.05708203107310728], [0.05381682456345453, 0.049590144124583575, 0.0438769202740172, 0.0, 0.053554761204222284, 0.04098845159453125, 0.04273381190959203, 0.0437150004856143], [0.06196335485896093, 0.06552673747106484, 0.06397465424148122, 0.053554761204222284, 0.0, 0.05287420002009492, 0.059469109074674883, 0.0572161566978402], [0.05420578785326264, 0.04987573284137433, 0.05337045239193075, 0.04098845159453125, 0.05287420002009492, 0.0, 0.04296743193980443, 0.04434215866600987], [0.05377780335844869, 0.05323690137181772, 0.05477995571226515, 0.04273381190959203, 0.059469109074674883, 0.04296743193980443, 0.0, 0.033153817065749804], [0.05128592876219571, 0.05335143161105474, 0.05708203107310728, 0.0437150004856143, 0.0572161566978402, 0.04434215866600987, 0.033153817065749804, 0.0]], [[0.0, 0.06043367614159981, 0.05665935271778433, 0.056169402506944105, 0.05372688158032867, 0.0550472163186884, 0.0635123966917262, 0.0529944116295254], [0.06043367614159981, 0.0, 0.05278694384808813, 0.05306083681999451, 0.05297538058714627, 0.05938592220717784, 0.07003994540285567, 0.05372950864136504], [0.05665935271778433, 0.05278694384808813, 0.0, 0.03792916681732884, 0.041380669720029115, 0.04839329306014208, 0.06623674621218253, 0.03751170684739184], [0.056169402506944105, 0.05306083681999451, 0.03792916681732884, 0.0, 0.040002646409890964, 0.05162572287150023, 0.06421565053922967, 0.038566487431387575], [0.05372688158032867, 0.05297538058714627, 0.041380669720029115, 0.040002646409890964, 0.0, 0.04559349673637222, 0.06309608719788334, 0.03860174404964398], [0.0550472163186884, 0.05938592220717784, 0.04839329306014208, 0.05162572287150023, 0.04559349673637222, 0.0, 0.06611238192520721, 0.04650762565779805], [0.0635123966917262, 0.07003994540285567, 0.06623674621218253, 0.06421565053922967, 0.06309608719788334, 0.06611238192520721, 0.0, 0.06781854520268896], [0.0529944116295254, 0.05372950864136504, 0.03751170684739184, 0.038566487431387575, 0.03860174404964398, 0.04650762565779805, 0.06781854520268896, 0.0]], [[0.0, 0.04038548553404152, 0.06146391081335757, 0.05839715015406491, 0.0489164189937684, 0.06558180032089743, 0.044326360561927576, 0.04354776247466752], [0.04038548553404152, 0.0, 0.05426046244589025, 0.053429031197003304, 0.04655157364578976, 0.05792581868023333, 0.039997413848926314, 0.045178977610387576], [0.06146391081335757, 0.05426046244589025, 0.0, 0.058644657386730394, 0.053795634893038104, 0.06471194868637879, 0.05566593868283944, 0.05888203000695323], [0.05839715015406491, 0.053429031197003304, 0.058644657386730394, 0.0, 0.053546858776848685, 0.06292756210666384, 0.051047002353831486, 0.05274088967612254], [0.0489164189937684, 0.04655157364578976, 0.053795634893038104, 0.053546858776848685, 0.0, 0.057819499497614835, 0.048794056099878844, 0.050601397318400076], [0.06558180032089743, 0.05792581868023333, 0.06471194868637879, 0.06292756210666384, 0.057819499497614835, 0.0, 0.05596271754446502, 0.06529976721394072], [0.044326360561927576, 0.039997413848926314, 0.05566593868283944, 0.051047002353831486, 0.048794056099878844, 0.05596271754446502, 0.0, 0.04378533313123549], [0.04354776247466752, 0.045178977610387576, 0.05888203000695323, 0.05274088967612254, 0.050601397318400076, 0.06529976721394072, 0.04378533313123549, 0.0]], [[0.0, 0.054794290505030555, 0.05001203835504388, 0.050103004770007425, 0.052922571309996405, 0.04981143838547283, 0.05124240037729727, 0.04374991295888219], [0.054794290505030555, 0.0, 0.05201715449290716, 0.06209139219934701, 0.06206286153187135, 0.06410748603853879, 0.062063397675190174, 0.0599612121870597], [0.05001203835504388, 0.05201715449290716, 0.0, 0.048460830554414865, 0.05365543761404019, 0.05733856375617532, 0.05448657112434887, 0.04860875692001215], [0.050103004770007425, 0.06209139219934701, 0.048460830554414865, 0.0, 0.045554214788806016, 0.05536700664950662, 0.053875005753199354, 0.047447690675749214], [0.052922571309996405, 0.06206286153187135, 0.05365543761404019, 0.045554214788806016, 0.0, 0.05738925183169327, 0.05653282464893554, 0.05587886205114634], [0.04981143838547283, 0.06410748603853879, 0.05733856375617532, 0.05536700664950662, 0.05738925183169327, 0.0, 0.049066045500607045, 0.05077476699666187], [0.05124240037729727, 0.062063397675190174, 0.05448657112434887, 0.053875005753199354, 0.05653282464893554, 0.049066045500607045, 0.0, 0.04577929321012268], [0.04374991295888219, 0.0599612121870597, 0.04860875692001215, 0.047447690675749214, 0.05587886205114634, 0.05077476699666187, 0.04577929321012268, 0.0]], [[0.0, 0.04521839974391069, 0.05730099398859089, 0.06402610191968608, 0.04909340754005995, 0.06297049819104032, 0.049533957183314284, 0.047506889111491285], [0.04521839974391069, 0.0, 0.045891743335130256, 0.06089073057504889, 0.03921212789530061, 0.06166127253614309, 0.04419077944744526, 0.03971581878796182], [0.05730099398859089, 0.045891743335130256, 0.0, 0.059080627931852966, 0.04813350020102503, 0.05759773287104809, 0.05187436620829046, 0.05046734382130487], [0.06402610191968608, 0.06089073057504889, 0.059080627931852966, 0.0, 0.05223007403580034, 0.06356628155999745, 0.06472753223247948, 0.06159467190123102], [0.04909340754005995, 0.03921212789530061, 0.04813350020102503, 0.05223007403580034, 0.0, 0.056076639474719955, 0.04291207010209312, 0.046967138996408676], [0.06297049819104032, 0.06166127253614309, 0.05759773287104809, 0.06356628155999745, 0.056076639474719955, 0.0, 0.058279830430507176, 0.06460942807560316], [0.049533957183314284, 0.04419077944744526, 0.05187436620829046, 0.06472753223247948, 0.04291207010209312, 0.058279830430507176, 0.0, 0.04721960301304503], [0.047506889111491285, 0.03971581878796182, 0.05046734382130487, 0.06159467190123102, 0.046967138996408676, 0.06460942807560316, 0.04721960301304503, 0.0]], [[0.0, 0.06186667786218335, 0.06240701884729743, 0.06717114087801113, 0.0625012261571501, 0.06837700813495141, 0.06728257346957953, 0.06378861591575548], [0.06186667786218335, 0.0, 0.03963666428567219, 0.05973125562397702, 0.04226384670741932, 0.0502464483525592, 0.05362990199811882, 0.0380475018019055], [0.06240701884729743, 0.03963666428567219, 0.0, 0.052295134695897534, 0.042227044651614955, 0.049145042052874545, 0.05122615069487954, 0.04268659677845092], [0.06717114087801113, 0.05973125562397702, 0.052295134695897534, 0.0, 0.05450812365786784, 0.06315774039251142, 0.05954861900882679, 0.059186655410005305], [0.0625012261571501, 0.04226384670741932, 0.042227044651614955, 0.05450812365786784, 0.0, 0.046326430597965, 0.054656576876350955, 0.042693973286479114], [0.06837700813495141, 0.0502464483525592, 0.049145042052874545, 0.06315774039251142, 0.046326430597965, 0.0, 0.0566002848860664, 0.04868860954634444], [0.06728257346957953, 0.05362990199811882, 0.05122615069487954, 0.05954861900882679, 0.054656576876350955, 0.0566002848860664, 0.0, 0.0490737774985602], [0.06378861591575548, 0.0380475018019055, 0.04268659677845092, 0.059186655410005305, 0.042693973286479114, 0.04868860954634444, 0.0490737774985602, 0.0]], [[0.0, 0.051931817170526896, 0.05142291825972016, 0.047147922769597464, 0.0673063993087815, 0.0447933538225284, 0.045612776328254605, 0.05631292237448307], [0.051931817170526896, 0.0, 0.045881056393579304, 0.047783061414260926, 0.06382774266585317, 0.05247626041981333, 0.05394478153482533, 0.06584343984977913], [0.05142291825972016, 0.045881056393579304, 0.0, 0.04017086073779085, 0.06890415278922878, 0.04959830751709107, 0.050882501421940354, 0.06434125554612066], [0.047147922769597464, 0.047783061414260926, 0.04017086073779085, 0.0, 0.062243988884417234, 0.046489448138789954, 0.04631187035369628, 0.06356645517211296], [0.0673063993087815, 0.06382774266585317, 0.06890415278922878, 0.062243988884417234, 0.0, 0.07039129557006885, 0.0680314852647095, 0.07341557000161388], [0.0447933538225284, 0.05247626041981333, 0.04959830751709107, 0.046489448138789954, 0.07039129557006885, 0.0, 0.03869262318453196, 0.06933565667469309], [0.045612776328254605, 0.05394478153482533, 0.050882501421940354, 0.04631187035369628, 0.0680314852647095, 0.03869262318453196, 0.0, 0.057387808478973325], [0.05631292237448307, 0.06584343984977913, 0.06434125554612066, 0.06356645517211296, 0.07341557000161388, 0.06933565667469309, 0.057387808478973325, 0.0]], [[0.0, 0.061368786024222674, 0.041531584475160165, 0.04903033300243702, 0.04842897060591553, 0.047674822292471906, 0.03918049112662215, 0.06409127565190596], [0.061368786024222674, 0.0, 0.0590646171004098, 0.05981837273490278, 0.06044554320844893, 0.062240905638795425, 0.060788133301660975, 0.07486708966197074], [0.041531584475160165, 0.0590646171004098, 0.0, 0.04856130037886235, 0.049167681352048825, 0.049581864718956856, 0.042338376269299385, 0.06307984874385335], [0.04903033300243702, 0.05981837273490278, 0.04856130037886235, 0.0, 0.046171648261786886, 0.04985241405735206, 0.04535265228712222, 0.063501042697495], [0.04842897060591553, 0.06044554320844893, 0.049167681352048825, 0.046171648261786886, 0.0, 0.0479826066230718, 0.047683706193955504, 0.05993581460027216], [0.047674822292471906, 0.062240905638795425, 0.049581864718956856, 0.04985241405735206, 0.0479826066230718, 0.0, 0.04671246697417978, 0.06459148308059823], [0.03918049112662215, 0.060788133301660975, 0.042338376269299385, 0.04535265228712222, 0.047683706193955504, 0.04671246697417978, 0.0, 0.05928878970966578], [0.06409127565190596, 0.07486708966197074, 0.06307984874385335, 0.063501042697495, 0.05993581460027216, 0.06459148308059823, 0.05928878970966578, 0.0]], [[0.0, 0.04478939958600157, 0.04350757010813577, 0.047038510598958506, 0.07340841499885434, 0.04935778119514132, 0.05673939602066536, 0.050377198885125], [0.04478939958600157, 0.0, 0.03584570253666141, 0.044642503187923635, 0.0704874070967216, 0.04304872517398384, 0.05948881890232549, 0.05531914325454797], [0.04350757010813577, 0.03584570253666141, 0.0, 0.03953797202481131, 0.07114356090293938, 0.04275235422356876, 0.057125058117878824, 0.050899896415390354], [0.047038510598958506, 0.044642503187923635, 0.03953797202481131, 0.0, 0.06694610716241835, 0.045026140071386556, 0.05859954025190635, 0.05632434366905303], [0.07340841499885434, 0.0704874070967216, 0.07114356090293938, 0.06694610716241835, 0.0, 0.06683980077014928, 0.0695653540677233, 0.0714161214275558], [0.04935778119514132, 0.04304872517398384, 0.04275235422356876, 0.045026140071386556, 0.06683980077014928, 0.0, 0.050279970044943494, 0.0507066499787082], [0.05673939602066536, 0.05948881890232549, 0.057125058117878824, 0.05859954025190635, 0.0695653540677233, 0.050279970044943494, 0.0, 0.05698291969596811], [0.050377198885125, 0.05531914325454797, 0.050899896415390354, 0.05632434366905303, 0.0714161214275558, 0.0507066499787082, 0.05698291969596811, 0.0]], [[0.0, 0.06825469651862037, 0.04235340339800343, 0.04563292194138916, 0.04404445663829942, 0.04149839890927243, 0.05762185781376372, 0.053138961502142826], [0.06825469651862037, 0.0, 0.061327398178364266, 0.06930578691421137, 0.07260167803958535, 0.08096619915316762, 0.07374992309022368, 0.06628818502878062], [0.04235340339800343, 0.061327398178364266, 0.0, 0.044990869088457855, 0.04349121133499115, 0.045211228654633104, 0.058577777713652364, 0.05469715207145134], [0.04563292194138916, 0.06930578691421137, 0.044990869088457855, 0.0, 0.04232014931711703, 0.04212368571667757, 0.06255578440146106, 0.060224735369435435], [0.04404445663829942, 0.07260167803958535, 0.04349121133499115, 0.04232014931711703, 0.0, 0.03799760804805384, 0.06359761377782817, 0.05834678527212086], [0.04149839890927243, 0.08096619915316762, 0.045211228654633104, 0.04212368571667757, 0.03799760804805384, 0.0, 0.06490512632253509, 0.06056495851806584], [0.05762185781376372, 0.07374992309022368, 0.058577777713652364, 0.06255578440146106, 0.06359761377782817, 0.06490512632253509, 0.0, 0.05620321806589185], [0.053138961502142826, 0.06628818502878062, 0.05469715207145134, 0.060224735369435435, 0.05834678527212086, 0.06056495851806584, 0.05620321806589185, 0.0]], [[0.0, 0.061813817997554386, 0.07033918870251561, 0.06555541528261949, 0.06930613480225803, 0.07064190995563137, 0.06711647094004927, 0.06075595843356372], [0.061813817997554386, 0.0, 0.04764601072220116, 0.045504546369121095, 0.045457555986683586, 0.057024353326361056, 0.04605946926445249, 0.04770747905674033], [0.07033918870251561, 0.04764601072220116, 0.0, 0.05079174219760949, 0.057967842668694196, 0.0635009209513546, 0.05451858239472516, 0.05632390747058087], [0.06555541528261949, 0.045504546369121095, 0.05079174219760949, 0.0, 0.04518592305275954, 0.057651073604731796, 0.04464086751237081, 0.04310525149454011], [0.06930613480225803, 0.045457555986683586, 0.057967842668694196, 0.04518592305275954, 0.0, 0.0628143242822242, 0.04716600607173186, 0.05006066656500073], [0.07064190995563137, 0.057024353326361056, 0.0635009209513546, 0.057651073604731796, 0.0628143242822242, 0.0, 0.05629821446661317, 0.06268138788134957], [0.06711647094004927, 0.04605946926445249, 0.05451858239472516, 0.04464086751237081, 0.04716600607173186, 0.05629821446661317, 0.0, 0.0458253421964543], [0.06075595843356372, 0.04770747905674033, 0.05632390747058087, 0.04310525149454011, 0.05006066656500073, 0.06268138788134957, 0.0458253421964543, 0.0]], [[0.0, 0.06824438402502771, 0.06912906894824158, 0.06908988926965273, 0.06992313217767149, 0.0710181089727918, 0.06886360407153166, 0.06293809826925413], [0.06824438402502771, 0.0, 0.03556974554001401, 0.05410744514316269, 0.05206166600152154, 0.03968159628442563, 0.037885785127190784, 0.05700021182243665], [0.06912906894824158, 0.03556974554001401, 0.0, 0.05109709693873913, 0.044433754056752164, 0.03956317813972629, 0.04203788313930307, 0.055377619858808055], [0.06908988926965273, 0.05410744514316269, 0.05109709693873913, 0.0, 0.061028755768428235, 0.05671033034219422, 0.05799165958517732, 0.05758294053845075], [0.06992313217767149, 0.05206166600152154, 0.044433754056752164, 0.061028755768428235, 0.0, 0.04796492599529048, 0.05376649658936009, 0.05735773057003558], [0.0710181089727918, 0.03968159628442563, 0.03956317813972629, 0.05671033034219422, 0.04796492599529048, 0.0, 0.03534950390392491, 0.05505823912445053], [0.06886360407153166, 0.037885785127190784, 0.04203788313930307, 0.05799165958517732, 0.05376649658936009, 0.03534950390392491, 0.0, 0.052698758974586875], [0.06293809826925413, 0.05700021182243665, 0.055377619858808055, 0.05758294053845075, 0.05735773057003558, 0.05505823912445053, 0.052698758974586875, 0.0]], [[0.0, 0.050609267851970674, 0.06086326997069362, 0.05634832859107344, 0.053759465935428866, 0.0664569646999424, 0.0558244197164687, 0.05759637991914693], [0.050609267851970674, 0.0, 0.044001273970388166, 0.05011364855802695, 0.034976630161006016, 0.06400232273665744, 0.03743015865883838, 0.05626757045014311], [0.06086326997069362, 0.044001273970388166, 0.0, 0.051446901828861934, 0.04473507948914045, 0.057668687201756504, 0.04582177696644904, 0.06116810411829115], [0.05634832859107344, 0.05011364855802695, 0.051446901828861934, 0.0, 0.04882885483774155, 0.06407826216721955, 0.051247425491029286, 0.05760094872102347], [0.053759465935428866, 0.034976630161006016, 0.04473507948914045, 0.04882885483774155, 0.0, 0.05862081534369106, 0.03541214704311003, 0.05877063762500876], [0.0664569646999424, 0.06400232273665744, 0.057668687201756504, 0.06407826216721955, 0.05862081534369106, 0.0, 0.05760326149928998, 0.0664340501893623], [0.0558244197164687, 0.03743015865883838, 0.04582177696644904, 0.051247425491029286, 0.03541214704311003, 0.05760326149928998, 0.0, 0.05881007384740767], [0.05759637991914693, 0.05626757045014311, 0.06116810411829115, 0.05760094872102347, 0.05877063762500876, 0.0664340501893623, 0.05881007384740767, 0.0]], [[0.0, 0.043771960751401544, 0.04265496100535883, 0.021179575070802033, 0.05186774830659925, 0.06685155485276155, 0.07622053303049253, 0.06433030413533374], [0.043771960751401544, 0.0, 0.04639766888398061, 0.043916302398037