[[[0.0, 0.03352872057263096, 0.04207188840922181, 0.0419046599574212, 0.07057120718736834, 0.0622140823689531, 0.059944329735772066, 0.03731226938568882], [0.03352872057263096, 0.0, 0.032016820728337454, 0.03359295371744779, 0.0734457197282318, 0.06279987264779963, 0.060930978280264406, 0.045325167264406996], [0.04207188840922181, 0.032016820728337454, 0.0, 0.032140729221689604, 0.07102909079594742, 0.06433795082812524, 0.060105796277654396, 0.0460228361782664], [0.0419046599574212, 0.03359295371744779, 0.032140729221689604, 0.0, 0.06151793120361499, 0.0632130350356543, 0.06148949622016543, 0.04761867776359968], [0.07057120718736834, 0.0734457197282318, 0.07102909079594742, 0.06151793120361499, 0.0, 0.06392998712787974, 0.06866534006683456, 0.06975860756611935], [0.0622140823689531, 0.06279987264779963, 0.06433795082812524, 0.0632130350356543, 0.06392998712787974, 0.0, 0.062321663448473986, 0.062157958304517834], [0.059944329735772066, 0.060930978280264406, 0.060105796277654396, 0.06148949622016543, 0.06866534006683456, 0.062321663448473986, 0.0, 0.053545742105086794], [0.03731226938568882, 0.045325167264406996, 0.0460228361782664, 0.04761867776359968, 0.06975860756611935, 0.062157958304517834, 0.053545742105086794, 0.0]], [[0.0, 0.07329939680365939, 0.07916930305223843, 0.08957011628090518, 0.09393110926436751, 0.08560278678752022, 0.09142626502995427, 0.08167105756735275], [0.07329939680365939, 0.0, 0.05278821253495556, 0.055437424670238294, 0.06109464878288551, 0.06426071594239623, 0.06190575172784029, 0.056521817934029286], [0.07916930305223843, 0.05278821253495556, 0.0, 0.046338272521449904, 0.05505688830459389, 0.07102427645989765, 0.05697915445487044, 0.05580986418184745], [0.08957011628090518, 0.055437424670238294, 0.046338272521449904, 0.0, 0.032092160553582647, 0.0661329364528753, 0.03387145893824696, 0.03894515470689902], [0.09393110926436751, 0.06109464878288551, 0.05505688830459389, 0.032092160553582647, 0.0, 0.05965417748927244, 0.02471218567064394, 0.03381322215557035], [0.08560278678752022, 0.06426071594239623, 0.07102427645989765, 0.0661329364528753, 0.05965417748927244, 0.0, 0.060345633098153, 0.06621976546205104], [0.09142626502995427, 0.06190575172784029, 0.05697915445487044, 0.03387145893824696, 0.02471218567064394, 0.060345633098153, 0.0, 0.03184105977175407], [0.08167105756735275, 0.056521817934029286, 0.05580986418184745, 0.03894515470689902, 0.03381322215557035, 0.06621976546205104, 0.03184105977175407, 0.0]], [[0.0, 0.04505102943473015, 0.06446011503025544, 0.05802215514082375, 0.061102565850879025, 0.06184410693582617, 0.06488070187430307, 0.05762845968369034], [0.04505102943473015, 0.0, 0.05066264045624812, 0.04547252344826916, 0.045302730487292074, 0.05003512868076635, 0.05810902223912272, 0.042515922143628655], [0.06446011503025544, 0.05066264045624812, 0.0, 0.04795663860285798, 0.061360558123136934, 0.06588143168848104, 0.06560299864763074, 0.06674029419664776], [0.05802215514082375, 0.04547252344826916, 0.04795663860285798, 0.0, 0.039881667086253215, 0.04894819056180811, 0.06086902135616108, 0.04603699857667335], [0.061102565850879025, 0.045302730487292074, 0.061360558123136934, 0.039881667086253215, 0.0, 0.03631847814980389, 0.0585277424713823, 0.0224030677325017], [0.06184410693582617, 0.05003512868076635, 0.06588143168848104, 0.04894819056180811, 0.03631847814980389, 0.0, 0.05395367565053262, 0.03907477041949612], [0.06488070187430307, 0.05810902223912272, 0.06560299864763074, 0.06086902135616108, 0.0585277424713823, 0.05395367565053262, 0.0, 0.058222248459809396], [0.05762845968369034, 0.042515922143628655, 0.06674029419664776, 0.04603699857667335, 0.0224030677325017, 0.03907477041949612, 0.058222248459809396, 0.0]], [[0.0, 0.06090582909448912, 0.07089761108273156, 0.07129915949013126, 0.07092230766689224, 0.06646417104127973, 0.06915032427641266, 0.06252555632462739], [0.06090582909448912, 0.0, 0.045982514902359564, 0.05606952521942163, 0.06303733595434236, 0.05536025150285134, 0.051505241135269185, 0.045452510257651124], [0.07089761108273156, 0.045982514902359564, 0.0, 0.05592023101151887, 0.06705055912467181, 0.06089299660515213, 0.059056797213188676, 0.05619848598455993], [0.07129915949013126, 0.05606952521942163, 0.05592023101151887, 0.0, 0.04503540722844815, 0.04196073226985685, 0.04108735324342185, 0.04162697969594086], [0.07092230766689224, 0.06303733595434236, 0.06705055912467181, 0.04503540722844815, 0.0, 0.04696763870049366, 0.05334785322432288, 0.052563366919625466], [0.06646417104127973, 0.05536025150285134, 0.06089299660515213, 0.04196073226985685, 0.04696763870049366, 0.0, 0.033149848294719036, 0.030031671894102312], [0.06915032427641266, 0.051505241135269185, 0.059056797213188676, 0.04108735324342185, 0.05334785322432288, 0.033149848294719036, 0.0, 0.03240153511070984], [0.06252555632462739, 0.045452510257651124, 0.05619848598455993, 0.04162697969594086, 0.052563366919625466, 0.030031671894102312, 0.03240153511070984, 0.0]], [[0.0, 0.04207251154323426, 0.060585356106099476, 0.05738601778835923, 0.05905421187673638, 0.04582503545945802, 0.04077222081547201, 0.038440932316499137], [0.04207251154323426, 0.0, 0.045519304550863456, 0.054877341675777284, 0.05465007989006408, 0.04680341801353785, 0.04989581758574474, 0.05066508879939226], [0.060585356106099476, 0.045519304550863456, 0.0, 0.052090279269533704, 0.06285269438071495, 0.05871931223264021, 0.05433988551679014, 0.054068148747563896], [0.05738601778835923, 0.054877341675777284, 0.052090279269533704, 0.0, 0.05070127103631523, 0.04777984643360139, 0.05770313966603519, 0.06227154974010672], [0.05905421187673638, 0.05465007989006408, 0.06285269438071495, 0.05070127103631523, 0.0, 0.0488636654079709, 0.0603234925865851, 0.05820505451504733], [0.04582503545945802, 0.04680341801353785, 0.05871931223264021, 0.04777984643360139, 0.0488636654079709, 0.0, 0.038738906291602614, 0.04550140392831154], [0.04077222081547201, 0.04989581758574474, 0.05433988551679014, 0.05770313966603519, 0.0603234925865851, 0.038738906291602614, 0.0, 0.037980373065023276], [0.038440932316499137, 0.05066508879939226, 0.054068148747563896, 0.06227154974010672, 0.05820505451504733, 0.04550140392831154, 0.037980373065023276, 0.0]], [[0.0, 0.04565779607950299, 0.04521503078149714, 0.04362980399551557, 0.04923014526003937, 0.054316042533363904, 0.05013095066770518, 0.04036538293976321], [0.04565779607950299, 0.0, 0.04176143011075661, 0.052742453178999525, 0.05765578656549988, 0.06075829829278224, 0.058325734653372215, 0.05550029524182784], [0.04521503078149714, 0.04176143011075661, 0.0, 0.03745668821742915, 0.048551625223796545, 0.05704879028810714, 0.05430795500182756, 0.04147324285535172], [0.04362980399551557, 0.052742453178999525, 0.03745668821742915, 0.0, 0.04269916158350635, 0.05261323590273362, 0.05395565110146586, 0.040213767247336454], [0.04923014526003937, 0.05765578656549988, 0.048551625223796545, 0.04269916158350635, 0.0, 0.044318807951799544, 0.04907158161946188, 0.045778633182753714], [0.054316042533363904, 0.06075829829278224, 0.05704879028810714, 0.05261323590273362, 0.044318807951799544, 0.0, 0.05086235303044154, 0.046975928188306176], [0.05013095066770518, 0.058325734653372215, 0.05430795500182756, 0.05395565110146586, 0.04907158161946188, 0.05086235303044154, 0.0, 0.04707441943919531], [0.04036538293976321, 0.05550029524182784, 0.04147324285535172, 0.040213767247336454, 0.045778633182753714, 0.046975928188306176, 0.04707441943919531, 0.0]], [[0.0, 0.05568508216596243, 0.046017394698655394, 0.040658815796012916, 0.0383163265046582, 0.061440537119005705, 0.07229112622413808, 0.035748455526660214], [0.05568508216596243, 0.0, 0.059675000037757615, 0.06476598021994362, 0.06785211014831173, 0.07382431845670043, 0.07105039576786125, 0.06429637818154682], [0.046017394698655394, 0.059675000037757615, 0.0, 0.04905255822487255, 0.054213420161348315, 0.06559999378185229, 0.062350855546168114, 0.050957146219854976], [0.040658815796012916, 0.06476598021994362, 0.04905255822487255, 0.0, 0.037909075530269294, 0.06270876731429015, 0.06859471283180194, 0.03848889905038651], [0.0383163265046582, 0.06785211014831173, 0.054213420161348315, 0.037909075530269294, 0.0, 0.05297831724844334, 0.06878603769409317, 0.029022341751306042], [0.061440537119005705, 0.07382431845670043, 0.06559999378185229, 0.06270876731429015, 0.05297831724844334, 0.0, 0.05730245035070449, 0.052477476316569634], [0.07229112622413808, 0.07105039576786125, 0.062350855546168114, 0.06859471283180194, 0.06878603769409317, 0.05730245035070449, 0.0, 0.060226206936429764], [0.035748455526660214, 0.06429637818154682, 0.050957146219854976, 0.03848889905038651, 0.029022341751306042, 0.052477476316569634, 0.060226206936429764, 0.0]], [[0.0, 0.0428553598883524, 0.04519565401322453, 0.04789671993140344, 0.07195462285654762, 0.058167301685666695, 0.04775396596816066, 0.04148312816841228], [0.0428553598883524, 0.0, 0.03910336422345533, 0.042350801222032296, 0.07206658943388293, 0.05460540120110486, 0.0560567982968876, 0.044850124390945705], [0.04519565401322453, 0.03910336422345533, 0.0, 0.03689851924591525, 0.07197227181413832, 0.05856940846932587, 0.05381394760048085, 0.03988090538993361], [0.04789671993140344, 0.042350801222032296, 0.03689851924591525, 0.0, 0.058143613213582065, 0.051214644548194285, 0.04556092044292055, 0.038205310032716454], [0.07195462285654762, 0.07206658943388293, 0.07197227181413832, 0.058143613213582065, 0.0, 0.06031444592228176, 0.06775185940873604, 0.07653385165615535], [0.058167301685666695, 0.05460540120110486, 0.05856940846932587, 0.051214644548194285, 0.06031444592228176, 0.0, 0.04488170202637724, 0.05385554469081458], [0.04775396596816066, 0.0560567982968876, 0.05381394760048085, 0.04556092044292055, 0.06775185940873604, 0.04488170202637724, 0.0, 0.03950461499595542], [0.04148312816841228, 0.044850124390945705, 0.03988090538993361, 0.038205310032716454, 0.07653385165615535, 0.05385554469081458, 0.03950461499595542, 0.0]], [[0.0, 0.03861974894370603, 0.0679071373909437, 0.058054885013084444, 0.05107433080672982, 0.05459741577810236, 0.05090351467904388, 0.03599499332405055], [0.03861974894370603, 0.0, 0.05262971926366809, 0.046886057655109246, 0.045793796980493066, 0.05210253834511056, 0.050813563154391464, 0.04262078053774496], [0.0679071373909437, 0.05262971926366809, 0.0, 0.05452604000373942, 0.06698134716401792, 0.06261897418586057, 0.06609673845917927, 0.06654485898526136], [0.058054885013084444, 0.046886057655109246, 0.05452604000373942, 0.0, 0.041636240838451195, 0.04850891279654353, 0.05107942093053883, 0.04688100215025621], [0.05107433080672982, 0.045793796980493066, 0.06698134716401792, 0.041636240838451195, 0.0, 0.04188268180981957, 0.043828077023763116, 0.048883251975707455], [0.05459741577810236, 0.05210253834511056, 0.06261897418586057, 0.04850891279654353, 0.04188268180981957, 0.0, 0.04035980202654838, 0.051739171369224235], [0.05090351467904388, 0.050813563154391464, 0.06609673845917927, 0.05107942093053883, 0.043828077023763116, 0.04035980202654838, 0.0, 0.045635360563257024], [0.03599499332405055, 0.04262078053774496, 0.06654485898526136, 0.04688100215025621, 0.048883251975707455, 0.051739171369224235, 0.045635360563257024, 0.0]], [[0.0, 0.04181959173555341, 0.07622601419897163, 0.04431010215306594, 0.053303135243096975, 0.046932956534622115, 0.05489808641961503, 0.04015115254876116], [0.04181959173555341, 0.0, 0.06743103020534992, 0.046180524300923134, 0.05551653079012437, 0.04717035265017108, 0.05626408421945958, 0.04601769998412845], [0.07622601419897163, 0.06743103020534992, 0.0, 0.06220546592166669, 0.07321671907632277, 0.07855055317931399, 0.07827235702173255, 0.07292203806839864], [0.04431010215306594, 0.046180524300923134, 0.06220546592166669, 0.0, 0.049585077484087955, 0.03274776488683724, 0.047051039581691996, 0.039864179330849576], [0.053303135243096975, 0.05551653079012437, 0.07321671907632277, 0.049585077484087955, 0.0, 0.05459910942851617, 0.060538362852615386, 0.056680036085617315], [0.046932956534622115, 0.04717035265017108, 0.07855055317931399, 0.03274776488683724, 0.05459910942851617, 0.0, 0.039414466318423845, 0.03261055726817561], [0.05489808641961503, 0.05626408421945958, 0.07827235702173255, 0.047051039581691996, 0.060538362852615386, 0.039414466318423845, 0.0, 0.040004351595725435], [0.04015115254876116, 0.04601769998412845, 0.07292203806839864, 0.039864179330849576, 0.056680036085617315, 0.03261055726817561, 0.040004351595725435, 0.0]], [[0.0, 0.04804759566313166, 0.059543867461058296, 0.06226932024867926, 0.06489191956759872, 0.04885945903875957, 0.05552795481547812, 0.04847904880189513], [0.04804759566313166, 0.0, 0.04672596497907634, 0.056637801405711945, 0.06147520171749547, 0.040828246600088436, 0.04788478105050648, 0.046298022276222636], [0.059543867461058296, 0.04672596497907634, 0.0, 0.053858323068172946, 0.06427089829641011, 0.05296897800972762, 0.05830241484889376, 0.05566488753271931], [0.06226932024867926, 0.056637801405711945, 0.053858323068172946, 0.0, 0.05840102308530143, 0.06183436302051641, 0.06514446570678858, 0.061999442465495117], [0.06489191956759872, 0.06147520171749547, 0.06427089829641011, 0.05840102308530143, 0.0, 0.06212999642731667, 0.06928375150798512, 0.06849412444303801], [0.04885945903875957, 0.040828246600088436, 0.05296897800972762, 0.06183436302051641, 0.06212999642731667, 0.0, 0.03249178217702695, 0.03747892407495756], [0.05552795481547812, 0.04788478105050648, 0.05830241484889376, 0.06514446570678858, 0.06928375150798512, 0.03249178217702695, 0.0, 0.029704723979912074], [0.04847904880189513, 0.046298022276222636, 0.05566488753271931, 0.061999442465495117, 0.06849412444303801, 0.03747892407495756, 0.029704723979912074, 0.0]], [[0.0, 0.0428905111310134, 0.05935228072790342, 0.04633650182791225, 0.06282914878338677, 0.0560765753416772, 0.053069196293837904, 0.03687060444349276], [0.0428905111310134, 0.0, 0.05093168691343371, 0.05054921757304434, 0.063766090062808, 0.05598972503026658, 0.05472449662387115, 0.04195267450791138], [0.05935228072790342, 0.05093168691343371, 0.0, 0.04927785268969826, 0.06442708110408088, 0.05529128333543697, 0.05181229853155841, 0.052706164409516046], [0.04633650182791225, 0.05054921757304434, 0.04927785268969826, 0.0, 0.05068518136223148, 0.046153031257684836, 0.04416319819999773, 0.04714624454887747], [0.06282914878338677, 0.063766090062808, 0.06442708110408088, 0.05068518136223148, 0.0, 0.05203385280363936, 0.0574124054245465, 0.05492389877492722], [0.0560765753416772, 0.05598972503026658, 0.05529128333543697, 0.046153031257684836, 0.05203385280363936, 0.0, 0.0335880374717351, 0.05091596483637593], [0.053069196293837904, 0.05472449662387115, 0.05181229853155841, 0.04416319819999773, 0.0574124054245465, 0.0335880374717351, 0.0, 0.046280043724539977], [0.03687060444349276, 0.04195267450791138, 0.052706164409516046, 0.04714624454887747, 0.05492389877492722, 0.05091596483637593, 0.046280043724539977, 0.0]], [[0.0, 0.04259871989533034, 0.044709845474513045, 0.056534606490348666, 0.06477489712613171, 0.04705790927973537, 0.047960496276246725, 0.03378890831970119], [0.04259871989533034, 0.0, 0.0446100031434056, 0.05755748904332236, 0.06735353218823989, 0.047519535155147674, 0.052770726568914114, 0.048092797338413776], [0.044709845474513045, 0.0446100031434056, 0.0, 0.04164678135549116, 0.06461564231848299, 0.043472669957371646, 0.04850142753518564, 0.041464557067968456], [0.056534606490348666, 0.05755748904332236, 0.04164678135549116, 0.0, 0.058663341833721704, 0.051677784110264934, 0.05579298848237299, 0.05437740794149473], [0.06477489712613171, 0.06735353218823989, 0.06461564231848299, 0.058663341833721704, 0.0, 0.04825888865140342, 0.0602996978922696, 0.060411114276253744], [0.04705790927973537, 0.047519535155147674, 0.043472669957371646, 0.051677784110264934, 0.04825888865140342, 0.0, 0.037098517088469826, 0.03979386601367722], [0.047960496276246725, 0.052770726568914114, 0.04850142753518564, 0.05579298848237299, 0.0602996978922696, 0.037098517088469826, 0.0, 0.037387332188014405], [0.03378890831970119, 0.048092797338413776, 0.041464557067968456, 0.05437740794149473, 0.060411114276253744, 0.03979386601367722, 0.037387332188014405, 0.0]], [[0.0, 0.04246900538639425, 0.03838921121844567, 0.05216315422993737, 0.06225801828400933, 0.043034625408338884, 0.04234506234427597, 0.054794069783978154], [0.04246900538639425, 0.0, 0.044323953973757005, 0.05158526016424651, 0.07234021206006083, 0.04852368501737765, 0.047517503632114225, 0.06573872397409133], [0.03838921121844567, 0.044323953973757005, 0.0, 0.0476407408110614, 0.06494766345824769, 0.0354501474562244, 0.035275439005981346, 0.05906680419768551], [0.05216315422993737, 0.05158526016424651, 0.0476407408110614, 0.0, 0.058878382927543, 0.053775597548219936, 0.0542998369458975, 0.061653286174647826], [0.06225801828400933, 0.07234021206006083, 0.06494766345824769, 0.058878382927543, 0.0, 0.05717261053584225, 0.06883275202280426, 0.06371879285070133], [0.043034625408338884, 0.04852368501737765, 0.0354501474562244, 0.053775597548219936, 0.05717261053584225, 0.0, 0.03798217402729873, 0.06074861920360281], [0.04234506234427597, 0.047517503632114225, 0.035275439005981346, 0.0542998369458975, 0.06883275202280426, 0.03798217402729873, 0.0, 0.06060378385747985], [0.054794069783978154, 0.06573872397409133, 0.05906680419768551, 0.061653286174647826, 0.06371879285070133, 0.06074861920360281, 0.06060378385747985, 0.0]], [[0.0, 0.03390744577873664, 0.05199181833141153, 0.07348562121046724, 0.04020320309092728, 0.04985707817214259, 0.04359218919795013, 0.05724404662896052], [0.03390744577873664, 0.0, 0.04477221752091954, 0.07540796697485581, 0.03518216103891111, 0.05363207942804555, 0.04215464246426955, 0.05780638058271319], [0.05199181833141153, 0.04477221752091954, 0.0, 0.05686823778102593, 0.04281404120747164, 0.049534766035041075, 0.04815376992901023, 0.053789010571502247], [0.07348562121046724, 0.07540796697485581, 0.05686823778102593, 0.0, 0.07187547031289777, 0.06522660406475458, 0.07852517247596928, 0.0764282548873135], [0.04020320309092728, 0.03518216103891111, 0.04281404120747164, 0.07187547031289777, 0.0, 0.0467650720130528, 0.038757032939887824, 0.0601483529103728], [0.04985707817214259, 0.05363207942804555, 0.049534766035041075, 0.06522660406475458, 0.0467650720130528, 0.0, 0.05292659293487736, 0.06180399735618909], [0.04359218919795013, 0.04215464246426955, 0.04815376992901023, 0.07852517247596928, 0.038757032939887824, 0.05292659293487736, 0.0, 0.05272769322648083], [0.05724404662896052, 0.05780638058271319, 0.053789010571502247, 0.0764282548873135, 0.0601483529103728, 0.06180399735618909, 0.05272769322648083, 0.0]], [[0.0, 0.04375601839417011, 0.05709321083391287, 0.0625527360808512, 0.054646230285675265, 0.06308946300912474, 0.05814884802861014, 0.04108911745144794], [0.04375601839417011, 0.0, 0.05747643761002365, 0.05731177282627232, 0.04637312042704121, 0.06831253285968933, 0.04879230475235804, 0.024854328863216483], [0.05709321083391287, 0.05747643761002365, 0.0, 0.052587745218070296, 0.05521329886447226, 0.06542072219358883, 0.058292653099153935, 0.053804114638800825], [0.0625527360808512, 0.05731177282627232, 0.052587745218070296, 0.0, 0.048460656557635706, 0.05975286453005019, 0.055250014632082504, 0.05423675359563648], [0.054646230285675265, 0.04637312042704121, 0.05521329886447226, 0.048460656557635706, 0.0, 0.05411796366286325, 0.055494781245652346, 0.045702340960277206], [0.06308946300912474, 0.06831253285968933, 0.06542072219358883, 0.05975286453005019, 0.05411796366286325, 0.0, 0.06042061041283141, 0.06254664311703045], [0.05814884802861014, 0.04879230475235804, 0.058292653099153935, 0.055250014632082504, 0.055494781245652346, 0.06042061041283141, 0.0, 0.03932078839491831], [0.04108911745144794, 0.024854328863216483, 0.053804114638800825, 0.05423675359563648, 0.045702340960277206, 0.06254664311703045, 0.03932078839491831, 0.0]], [[0.0, 0.053065913280753364, 0.060749845359398806, 0.06037186116031353, 0.06693136758043067, 0.06519010949225529, 0.07487229741342932, 0.05868657215226723], [0.053065913280753364, 0.0, 0.03880765236470306, 0.05332292965231803, 0.05257826385881637, 0.046199674807996284, 0.06992281715956249, 0.05084464960260949], [0.060749845359398806, 0.03880765236470306, 0.0, 0.03982750815170996, 0.051240567092121346, 0.03467627341899086, 0.06701223204247884, 0.04678867702511329], [0.06037186116031353, 0.05332292965231803, 0.03982750815170996, 0.0, 0.04686386442199079, 0.046782292796872474, 0.06945554365733943, 0.04832085424179012], [0.06693136758043067, 0.05257826385881637, 0.051240567092121346, 0.04686386442199079, 0.0, 0.04911093714796775, 0.06622676970390863, 0.05762017997042361], [0.06519010949225529, 0.046199674807996284, 0.03467627341899086, 0.046782292796872474, 0.04911093714796775, 0.0, 0.05996587543841564, 0.0477366218968222], [0.07487229741342932, 0.06992281715956249, 0.06701223204247884, 0.06945554365733943, 0.06622676970390863, 0.05996587543841564, 0.0, 0.05845497012200393], [0.05868657215226723, 0.05084464960260949, 0.04678867702511329, 0.04832085424179012, 0.05762017997042361, 0.0477366218968222, 0.05845497012200393, 0.0]], [[0.0, 0.06645702290631152, 0.031465822692504156, 0.030118638978516844, 0.04736650265159055, 0.048944022927186456, 0.04982374553003695, 0.04755041816378356], [0.06645702290631152, 0.0, 0.06920651323165822, 0.07923555512410188, 0.07452580339025668, 0.06464488894077612, 0.06163620020757694, 0.06545217373806053], [0.031465822692504156, 0.06920651323165822, 0.0, 0.03175301533929095, 0.04665115912555718, 0.05367221532492554, 0.05332632115245343, 0.049812022611933245], [0.030118638978516844, 0.07923555512410188, 0.03175301533929095, 0.0, 0.04672841303878204, 0.05599241258256553, 0.05938823907428792, 0.05814775866284548], [0.04736650265159055, 0.07452580339025668, 0.04665115912555718, 0.04672841303878204, 0.0, 0.053213873810081115, 0.057599955341588654, 0.05746946540117653], [0.048944022927186456, 0.06464488894077612, 0.05367221532492554, 0.05599241258256553, 0.053213873810081115, 0.0, 0.0447303761115421, 0.05690719814301702], [0.04982374553003695, 0.06163620020757694, 0.05332632115245343, 0.05938823907428792, 0.057599955341588654, 0.0447303761115421, 0.0, 0.04859881553517263], [0.04755041816378356, 0.06545217373806053, 0.049812022611933245, 0.05814775866284548, 0.05746946540117653, 0.05690719814301702, 0.04859881553517263, 0.0]], [[0.0, 0.06808047000590907, 0.05363205185348003, 0.05979822244292143, 0.05409569836901068, 0.053354508213428305, 0.05408159865379371, 0.047239466367376755], [0.06808047000590907, 0.0, 0.06949026672149015, 0.08085292471767964, 0.08798599385766027, 0.07969490806964276, 0.08543084375081596, 0.08386520747526922], [0.05363205185348003, 0.06949026672149015, 0.0, 0.041956291601743086, 0.04788622844951418, 0.04568390032319488, 0.04886494568660294, 0.048774427475647926], [0.05979822244292143, 0.08085292471767964, 0.041956291601743086, 0.0, 0.04263640468888725, 0.04778029501729034, 0.053770551500552564, 0.05103805892502297], [0.05409569836901068, 0.08798599385766027, 0.04788622844951418, 0.04263640468888725, 0.0, 0.03549849723529503, 0.04300425866088065, 0.03362629163842777], [0.053354508213428305, 0.07969490806964276, 0.04568390032319488, 0.04778029501729034, 0.03549849723529503, 0.0, 0.043863205406366575, 0.03914664358522223], [0.05408159865379371, 0.08543084375081596, 0.04886494568660294, 0.053770551500552564, 0.04300425866088065, 0.043863205406366575, 0.0, 0.03648890924507665], [0.047239466367376755, 0.08386520747526922, 0.048774427475647926, 0.05103805892502297, 0.03362629163842777, 0.03914664358522223, 0.03648890924507665, 0.0]], [[0.0, 0.03003951202849629, 0.03853853606297838, 0.04231320958111625, 0.06364627126261498, 0.0658095925300111, 0.06309772890943909, 0.030434679723781215], [0.03003951202849629, 0.0, 0.03460164026507717, 0.04235219546930214, 0.061353100533881086, 0.06638345304512888, 0.07169405943232585, 0.0298086870121978], [0.03853853606297838, 0.03460164026507717, 0.0, 0.03323383416263786, 0.06050882097808612, 0.05975642011525623, 0.06619615970521718, 0.04130282018272908], [0.04231320958111625, 0.04235219546930214, 0.03323383416263786, 0.0, 0.05209573483648113, 0.05838862364020503, 0.06572591480196482, 0.04190096612059319], [0.06364627126261498, 0.061353100533881086, 0.06050882097808612, 0.05209573483648113, 0.0, 0.05971010357101891, 0.0730747104480516, 0.06003067252624788], [0.0658095925300111, 0.06638345304512888, 0.05975642011525623, 0.05838862364020503, 0.05971010357101891, 0.0, 0.06367455718372057, 0.06422996182690392], [0.06309772890943909, 0.07169405943232585, 0.06619615970521718, 0.06572591480196482, 0.0730747104480516, 0.06367455718372057, 0.0, 0.05899808580547037], [0.030434679723781215, 0.0298086870121978, 0.04130282018272908, 0.04190096612059319, 0.06003067252624788, 0.06422996182690392, 0.05899808580547037, 0.0]]]