[[[0.0, 0.15765221813076466], [0.15765221813076466, 0.0]], [[0.0, 0.20278242447063718, 0.10796021862931762, 0.23918329464374655, 0.2225425989747427], [0.20278242447063718, 0.0, 0.1543900327091005, 0.04879144336210468, 0.03044501159043692], [0.10796021862931762, 0.1543900327091005, 0.0, 0.1852899119333986, 0.1714319860980017], [0.23918329464374655, 0.04879144336210468, 0.1852899119333986, 0.0, 0.0248056564955681], [0.2225425989747427, 0.03044501159043692, 0.1714319860980017, 0.0248056564955681, 0.0]], [[0.0, 0.3528074378766352], [0.3528074378766352, 0.0]], [[0.0, 0.1504026368914097, 0.07056832079552819, 0.22389789316609363], [0.1504026368914097, 0.0, 0.13035908963410406, 0.19915502348765768], [0.07056832079552819, 0.13035908963410406, 0.0, 0.1691862515354713], [0.22389789316609363, 0.19915502348765768, 0.1691862515354713, 0.0]], [[0.0, 0.12704804726987576, 0.08309603660197587, 0.2612249130459867], [0.12704804726987576, 0.0, 0.09258948250273134, 0.21713735914753898], [0.08309603660197587, 0.09258948250273134, 0.0, 0.18711542632903275], [0.2612249130459867, 0.21713735914753898, 0.18711542632903275, 0.0]], [[0.0, 0.09759386662975296, 0.16752884263938178, 0.11161517050936048, 0.11147674995684974], [0.09759386662975296, 0.0, 0.14045624168973764, 0.07273051217342237, 0.10294183485801225], [0.16752884263938178, 0.14045624168973764, 0.0, 0.10436972022995614, 0.06675027563160607], [0.11161517050936048, 0.07273051217342237, 0.10436972022995614, 0.0, 0.07536055802509678], [0.11147674995684974, 0.10294183485801225, 0.06675027563160607, 0.07536055802509678, 0.0]], [[0.0, 0.2841392566126087], [0.2841392566126087, 0.0]], [[0.0, 0.4788055874934373, 0.4773629148128762], [0.4788055874934373, 0.0, 0.011640031974652043], [0.4773629148128762, 0.011640031974652043, 0.0]], [[0.0, 0.5598383218258426], [0.5598383218258426, 0.0]], [[0.0, 0.5203079779523065], [0.5203079779523065, 0.0]], [[0.0, 0.5488007990948239], [0.5488007990948239, 0.0]], [[0.0, 0.5598383218258426], [0.5598383218258426, 0.0]], [[0.0, 0.44328244365306896], [0.44328244365306896, 0.0]], [[0.0, 0.44352503398171167], [0.44352503398171167, 0.0]], [[0.0, 0.29463058827937727], [0.29463058827937727, 0.0]], [[0.0, 0.5969632812233749], [0.5969632812233749, 0.0]], [[0.0, 0.4781405965789444], [0.4781405965789444, 0.0]], [[0.0, 0.5449604052401537], [0.5449604052401537, 0.0]], [[0.0, 0.5353172789242056], [0.5353172789242056, 0.0]], [[0.0, 0.5833495532801599], [0.5833495532801599, 0.0]], [[0.0, 0.4193959662351947], [0.4193959662351947, 0.0]], [[0.0]], [[0.0, 0.41870225650423504], [0.41870225650423504, 0.0]], [[0.0, 0.5329401345691743], [0.5329401345691743, 0.0]], [[0.0, 0.4708664423146267], [0.4708664423146267, 0.0]], [[0.0, 0.46297989406031526], [0.46297989406031526, 0.0]], [[0.0, 0.4693538994010618], [0.4693538994010618, 0.0]], [[0.0, 0.46732647832902546], [0.46732647832902546, 0.0]], [[0.0]], [[0.0, 0.44663666463822416], [0.44663666463822416, 0.0]], [[0.0, 0.42066187690546203], [0.42066187690546203, 0.0]], [[0.0]], [[0.0, 0.4330742614387972], [0.4330742614387972, 0.0]], [[0.0, 0.4565901375717798], [0.4565901375717798, 0.0]], [[0.0, 0.4565847710948535], [0.4565847710948535, 0.0]], [[0.0, 0.4916528332168885], [0.4916528332168885, 0.0]], [[0.0, 0.49599985812037484], [0.49599985812037484, 0.0]], [[0.0, 0.4800408125774995], [0.4800408125774995, 0.0]], [[0.0, 0.46875618082610915], [0.46875618082610915, 0.0]], [[0.0, 0.4552520183197149], [0.4552520183197149, 0.0]], [[0.0, 0.42948245913072164], [0.42948245913072164, 0.0]], [[0.0]], [[0.0, 0.5249681181622388], [0.5249681181622388, 0.0]], [[0.0, 0.49893204071043884], [0.49893204071043884, 0.0]], [[0.0, 0.49893204071043884], [0.49893204071043884, 0.0]], [[0.0, 0.5833495532801599], [0.5833495532801599, 0.0]], [[0.0, 0.4540823314736928], [0.4540823314736928, 0.0]], [[0.0]], [[0.0]], [[0.0, 0.4344832979052375], [0.4344832979052375, 0.0]], [[0.0]], [[0.0, 0.4680413081881199], [0.4680413081881199, 0.0]], [[0.0, 0.513302444516988], [0.513302444516988, 0.0]], [[0.0, 0.4948822147294242], [0.4948822147294242, 0.0]], [[0.0, 0.48873939635403285], [0.48873939635403285, 0.0]], [[0.0, 0.502208468324375], [0.502208468324375, 0.0]], [[0.0, 0.43499989739556677], [0.43499989739556677, 0.0]], [[0.0, 0.45301492418253664], [0.45301492418253664, 0.0]], [[0.0, 0.1403193142926785, 0.0621628087212667, 0.24826214409460093], [0.1403193142926785, 0.0, 0.11991735468157826, 0.21221375432908135], [0.0621628087212667, 0.11991735468157826, 0.0, 0.20176812461340102], [0.24826214409460093, 0.21221375432908135, 0.20176812461340102, 0.0]], [[0.0, 0.13983046236002977, 0.08616361909649589, 0.2375207521142299], [0.13983046236002977, 0.0, 0.09249294508781421, 0.18718772708677764], [0.08616361909649589, 0.09249294508781421, 0.0, 0.16696152858150806], [0.2375207521142299, 0.18718772708677764, 0.16696152858150806, 0.0]], [[0.0, 0.4593181022348769], [0.4593181022348769, 0.0]], [[0.0, 0.4083975357545761], [0.4083975357545761, 0.0]], [[0.0, 0.45242937608069256], [0.45242937608069256, 0.0]], [[0.0, 0.08056613958378345, 0.2041126604476206, 0.045496345041191745, 0.02764295289932891, 0.08442452599967644, 0.04828964599927236], [0.08056613958378345, 0.0, 0.13582715218059388, 0.047490303402878166, 0.08451605845943909, 0.03147030388389586, 0.05671204753793916], [0.2041126604476206, 0.13582715218059388, 0.0, 0.171595011318081, 0.2127024295216683, 0.1323500851939308, 0.1791674169890091], [0.045496345041191745, 0.047490303402878166, 0.171595011318081, 0.0, 0.04596199168659283, 0.04643667014159771, 0.033278669345317514], [0.02764295289932891, 0.08451605845943909, 0.2127024295216683, 0.04596199168659283, 0.0, 0.08880965754684995, 0.04785210452676925], [0.08442452599967644, 0.03147030388389586, 0.1323500851939308, 0.04643667014159771, 0.08880965754684995, 0.0, 0.05852133103942386], [0.04828964599927236, 0.05671204753793916, 0.1791674169890091, 0.033278669345317514, 0.04785210452676925, 0.05852133103942386, 0.0]], [[0.0, 0.5175903073956357], [0.5175903073956357, 0.0]], [[0.0, 0.4032631776316779, 0.3858698639114798, 0.39380687978621615, 0.393729048377894], [0.4032631776316779, 0.0, 0.03485488232121487, 0.019556294681471926, 0.014159158060426778], [0.3858698639114798, 0.03485488232121487, 0.0, 0.02069811576242383, 0.03004396832131514], [0.39380687978621615, 0.019556294681471926, 0.02069811576242383, 0.0, 0.016067004104427927], [0.393729048377894, 0.014159158060426778, 0.03004396832131514, 0.016067004104427927, 0.0]], [[0.0, 0.4571209817701774], [0.4571209817701774, 0.0]], [[0.0, 0.6071904710642577], [0.6071904710642577, 0.0]], [[0.0, 0.5364749550832645], [0.5364749550832645, 0.0]]]