[[[0.0, 0.07458181550113867, 0.24699074124169845], [0.07458181550113867, 0.0, 0.20251940257932735], [0.24699074124169845, 0.20251940257932735, 0.0]], [[0.0, 0.07732650301292801, 0.15894195297980704], [0.07732650301292801, 0.0, 0.13034903195498168], [0.15894195297980704, 0.13034903195498168, 0.0]], [[0.0, 0.11929710741440976], [0.11929710741440976, 0.0]], [[0.0, 0.1423982774621907, 0.12495050407612138], [0.1423982774621907, 0.0, 0.24502990972707164], [0.12495050407612138, 0.24502990972707164, 0.0]], [[0.0, 0.08316696220288596], [0.08316696220288596, 0.0]], [[0.0, 0.38840981941442865, 0.030096413693208778], [0.38840981941442865, 0.0, 0.3713173969028631], [0.030096413693208778, 0.3713173969028631, 0.0]], [[0.0, 0.11766632279506395, 0.0557853088850448], [0.11766632279506395, 0.0, 0.12864064843642237], [0.0557853088850448, 0.12864064843642237, 0.0]], [[0.0, 0.020342365328955725, 0.3254812283929701, 0.07042279288913, 0.013115350855921854], [0.020342365328955725, 0.0, 0.33177236027722695, 0.07317752116541468, 0.0155499002923739], [0.3254812283929701, 0.33177236027722695, 0.0, 0.2713763606147023, 0.32288431281382746], [0.07042279288913, 0.07317752116541468, 0.2713763606147023, 0.0, 0.0647873389564738], [0.013115350855921854, 0.0155499002923739, 0.32288431281382746, 0.0647873389564738, 0.0]]]