"[0.0, 0.05584784034748304, 0.06314789955016813, 0.06544091975963175, 0.058961879879941864, 0.06787545997207618, 0.05643887995775306, 0.07607011175276458]","[0.05584784034748304, 0.0, 0.056267805825207524, 0.06007622057684627, 0.058991304524515405, 0.06814907271021389, 0.062254247618891805, 0.08957062692649673]","[0.06314789955016813, 0.056267805825207524, 0.0, 0.05824405548407361, 0.06442509494855561, 0.06980797474216242, 0.06623972100939851, 0.0906993593896719]","[0.06544091975963175, 0.06007622057684627, 0.05824405548407361, 0.0, 0.04867647911654349, 0.062260414445886564, 0.05645197907249701, 0.08777418018064938]","[0.058961879879941864, 0.058991304524515405, 0.06442509494855561, 0.04867647911654349, 0.0, 0.03816259858273113, 0.03147633924159703, 0.09107141257762148]","[0.06787545997207618, 0.06814907271021389, 0.06980797474216242, 0.062260414445886564, 0.03816259858273113, 0.0, 0.04473000424786271, 0.09397781769627091]","[0.05643887995775306, 0.062254247618891805, 0.06623972100939851, 0.05645197907249701, 0.03147633924159703, 0.04473000424786271, 0.0, 0.0765627943731181]","[0.07607011175276458, 0.08957062692649673, 0.0906993593896719, 0.08777418018064938, 0.09107141257762148, 0.09397781769627091, 0.0765627943731181, 0.0]"
"[0.0, 0.06355721012075888, 0.07108053942293797, 0.06877085321084554, 0.07142035242325638, 0.06196453203646468, 0.07118056537581781, 0.056350748719546324]","[0.06355721012075888, 0.0, 0.05528769947621583, 0.05807311130246056, 0.05576785649045495, 0.051768345489243674, 0.07643855076498035, 0.054593019778494976]","[0.07108053942293797, 0.05528769947621583, 0.0, 0.06426936309345478, 0.06519564087442263, 0.059381864708385995, 0.07874576580209805, 0.06325223713251402]","[0.06877085321084554, 0.05807311130246056, 0.06426936309345478, 0.0, 0.050995808649649796, 0.059083698016981434, 0.07494619553201272, 0.06481430558000408]","[0.07142035242325638, 0.05576785649045495, 0.06519564087442263, 0.050995808649649796, 0.0, 0.046784747241718334, 0.07853421838043231, 0.053963880251182664]","[0.06196453203646468, 0.051768345489243674, 0.059381864708385995, 0.059083698016981434, 0.046784747241718334, 0.0, 0.067162404466434, 0.04216238883720167]","[0.07118056537581781, 0.07643855076498035, 0.07874576580209805, 0.07494619553201272, 0.07853421838043231, 0.067162404466434, 0.0, 0.0672310589642755]","[0.056350748719546324, 0.054593019778494976, 0.06325223713251402, 0.06481430558000408, 0.053963880251182664, 0.04216238883720167, 0.0672310589642755, 0.0]"
"[0.0, 0.07247761357970417, 0.047564998502342505, 0.07313546038146111, 0.06026223010412424, 0.04376082218363043, 0.04505547415366908, 0.04931594879425382]","[0.07247761357970417, 0.0, 0.0695216366158741, 0.07715488677130983, 0.0852762850845752, 0.07702015267005113, 0.08203583555614881, 0.08264574509625175]","[0.047564998502342505, 0.0695216366158741, 0.0, 0.05320464152011083, 0.05801138998586561, 0.042747202065533, 0.04873287827366829, 0.05018625621100046]","[0.07313546038146111, 0.07715488677130983, 0.05320464152011083, 0.0, 0.06903840594697723, 0.0751607880171836, 0.07838992039171781, 0.07534552817234089]","[0.06026223010412424, 0.0852762850845752, 0.05801138998586561, 0.06903840594697723, 0.0, 0.05166343411383337, 0.06427835970118798, 0.06754057813211833]","[0.04376082218363043, 0.07702015267005113, 0.042747202065533, 0.0751607880171836, 0.05166343411383337, 0.0, 0.04677599564988981, 0.0510792508371356]","[0.04505547415366908, 0.08203583555614881, 0.04873287827366829, 0.07838992039171781, 0.06427835970118798, 0.04677599564988981, 0.0, 0.042655505417988085]","[0.04931594879425382, 0.08264574509625175, 0.05018625621100046, 0.07534552817234089, 0.06754057813211833, 0.0510792508371356, 0.042655505417988085, 0.0]"
"[0.0, 0.0721263730271706, 0.07036399143535362, 0.06925273598675682, 0.07109842836126715, 0.07265689912216274, 0.060584905342015244, 0.06152402113436522]","[0.0721263730271706, 0.0, 0.07338651230001865, 0.0809649327329645, 0.08541565371725844, 0.08726951418967575, 0.08166976882150666, 0.08259454093540874]","[0.07036399143535362, 0.07338651230001865, 0.0, 0.042555839124200655, 0.03847116781906665, 0.05049077356697038, 0.05452373447964845, 0.057539379679618814]","[0.06925273598675682, 0.0809649327329645, 0.042555839124200655, 0.0, 0.031008905578689006, 0.05355949390340477, 0.0608319480402664, 0.05681755440013255]","[0.07109842836126715, 0.08541565371725844, 0.03847116781906665, 0.031008905578689006, 0.0, 0.04086432055574494, 0.058502121384477065, 0.056662329467832215]","[0.07265689912216274, 0.08726951418967575, 0.05049077356697038, 0.05355949390340477, 0.04086432055574494, 0.0, 0.05059709293796124, 0.05758094449967418]","[0.060584905342015244, 0.08166976882150666, 0.05452373447964845, 0.0608319480402664, 0.058502121384477065, 0.05059709293796124, 0.0, 0.05263769378230029]","[0.06152402113436522, 0.08259454093540874, 0.057539379679618814, 0.05681755440013255, 0.056662329467832215, 0.05758094449967418, 0.05263769378230029, 0.0]"
"[0.0, 0.05282839027575667, 0.07627712624359928, 0.07723392883534143, 0.06400017909626683, 0.07459082949440708, 0.06524887906880218, 0.06809056040790619]","[0.05282839027575667, 0.0, 0.061747781532375035, 0.07545211630030546, 0.05726114016811406, 0.06855167236524042, 0.055748364389903625, 0.06851980988100577]","[0.07627712624359928, 0.061747781532375035, 0.0, 0.06783353341452752, 0.055473880803247146, 0.06337367465712006, 0.054999613984509796, 0.07414343995559897]","[0.07723392883534143, 0.07545211630030546, 0.06783353341452752, 0.0, 0.05538372237108409, 0.06851879512684443, 0.06230906353399508, 0.07777904948661113]","[0.06400017909626683, 0.05726114016811406, 0.055473880803247146, 0.05538372237108409, 0.0, 0.04699422676026119, 0.03308209975062114, 0.06281238765344588]","[0.07459082949440708, 0.06855167236524042, 0.06337367465712006, 0.06851879512684443, 0.04699422676026119, 0.0, 0.04562967104004052, 0.0703752150375778]","[0.06524887906880218, 0.055748364389903625, 0.054999613984509796, 0.06230906353399508, 0.03308209975062114, 0.04562967104004052, 0.0, 0.053970258464818024]","[0.06809056040790619, 0.06851980988100577, 0.07414343995559897, 0.07777904948661113, 0.06281238765344588, 0.0703752150375778, 0.053970258464818024, 0.0]"
"[0.0, 0.05286831307506148, 0.09031294773872729, 0.06262321862938407, 0.07284970115546384, 0.0738114204811545, 0.05905805469323419, 0.06763186814219008]","[0.05286831307506148, 0.0, 0.08296038735107882, 0.03659272944571415, 0.05564334105096998, 0.0520706060674059, 0.02818814861509646, 0.059797146484867655]","[0.09031294773872729, 0.08296038735107882, 0.0, 0.0777207405392308, 0.09164598572668341, 0.09275230792670494, 0.09311995485062037, 0.09863123409200149]","[0.06262321862938407, 0.03659272944571415, 0.0777207405392308, 0.0, 0.050528441949151466, 0.05682121549562152, 0.03711699379741326, 0.0642996908080133]","[0.07284970115546384, 0.05564334105096998, 0.09164598572668341, 0.050528441949151466, 0.0, 0.06115082222230343, 0.05618999676214554, 0.06899656142617576]","[0.0738114204811545, 0.0520706060674059, 0.09275230792670494, 0.05682121549562152, 0.06115082222230343, 0.0, 0.04551648851325185, 0.0746518258121162]","[0.05905805469323419, 0.02818814861509646, 0.09311995485062037, 0.03711699379741326, 0.05618999676214554, 0.04551648851325185, 0.0, 0.05665391201461257]","[0.06763186814219008, 0.059797146484867655, 0.09863123409200149, 0.0642996908080133, 0.06899656142617576, 0.0746518258121162, 0.05665391201461257, 0.0]"
"[0.0, 0.06678073493180547, 0.0570404491215968, 0.049200664843836416, 0.052800658687398236, 0.0791301869913756, 0.06440601230892841, 0.029635262907142038]","[0.06678073493180547, 0.0, 0.06408521627516404, 0.07161830272833428, 0.07589847259614249, 0.08376192186385112, 0.07796729157238155, 0.07523823225413416]","[0.0570404491215968, 0.06408521627516404, 0.0, 0.05012858708397809, 0.05905767207334797, 0.07808431240570905, 0.07316951235457143, 0.05415542218499278]","[0.049200664843836416, 0.07161830272833428, 0.05012858708397809, 0.0, 0.047314642499406666, 0.07311825848008696, 0.0626674952471415, 0.042439874102311925]","[0.052800658687398236, 0.07589847259614249, 0.05905767207334797, 0.047314642499406666, 0.0, 0.06566940255547288, 0.06458135222234689, 0.04647209916243334]","[0.0791301869913756, 0.08376192186385112, 0.07808431240570905, 0.07311825848008696, 0.06566940255547288, 0.0, 0.06748693178246744, 0.07936949633856077]","[0.06440601230892841, 0.07796729157238155, 0.07316951235457143, 0.0626674952471415, 0.06458135222234689, 0.06748693178246744, 0.0, 0.06420346748826539]","[0.029635262907142038, 0.07523823225413416, 0.05415542218499278, 0.042439874102311925, 0.04647209916243334, 0.07936949633856077, 0.06420346748826539, 0.0]"
"[0.0, 0.08153594270040423, 0.09400260407483896, 0.0950574886030998, 0.1103022480093462, 0.09042901310860021, 0.09537046335641247, 0.08203247242732961]","[0.08153594270040423, 0.0, 0.05084504818226237, 0.05259013660490908, 0.09604269611346848, 0.056650704192563565, 0.054477793466579084, 0.05294530600056992]","[0.09400260407483896, 0.05084504818226237, 0.0, 0.03760653621090704, 0.09920123168936208, 0.06007182755030913, 0.047455921142302536, 0.04790299871508459]","[0.0950574886030998, 0.05259013660490908, 0.03760653621090704, 0.0, 0.0890948789364191, 0.04710309940149578, 0.03069357992333904, 0.041625427595402255]","[0.1103022480093462, 0.09604269611346848, 0.09920123168936208, 0.0890948789364191, 0.0, 0.0865459446324731, 0.10277633542007927, 0.1007695198862932]","[0.09042901310860021, 0.056650704192563565, 0.06007182755030913, 0.04710309940149578, 0.0865459446324731, 0.0, 0.04966145953664902, 0.05592812598687483]","[0.09537046335641247, 0.054477793466579084, 0.047455921142302536, 0.03069357992333904, 0.10277633542007927, 0.04966145953664902, 0.0, 0.0274471343154336]","[0.08203247242732961, 0.05294530600056992, 0.04790299871508459, 0.041625427595402255, 0.1007695198862932, 0.05592812598687483, 0.0274471343154336, 0.0]"
"[0.0, 0.059003127928830904, 0.07426950688026736, 0.07952561477930756, 0.0665108214863244, 0.0674284755248909, 0.07915938457369717, 0.061657185170992584]","[0.059003127928830904, 0.0, 0.05467264754398053, 0.06249743979844713, 0.036706510155169125, 0.04584455945785881, 0.07651641470647327, 0.050562455936286964]","[0.07426950688026736, 0.05467264754398053, 0.0, 0.06944914766904331, 0.05961909871003651, 0.059308483453313486, 0.08096983146158199, 0.05911698006542855]","[0.07952561477930756, 0.06249743979844713, 0.06944914766904331, 0.0, 0.06198075206515759, 0.0642389926259243, 0.08155457265196688, 0.06025886621565317]","[0.0665108214863244, 0.036706510155169125, 0.05961909871003651, 0.06198075206515759, 0.0, 0.049805541678211475, 0.07678537968902843, 0.056026708928874444]","[0.0674284755248909, 0.04584455945785881, 0.059308483453313486, 0.0642389926259243, 0.049805541678211475, 0.0, 0.07061984132965354, 0.051798002429520276]","[0.07915938457369717, 0.07651641470647327, 0.08096983146158199, 0.08155457265196688, 0.07678537968902843, 0.07061984132965354, 0.0, 0.06938406481341085]","[0.061657185170992584, 0.050562455936286964, 0.05911698006542855, 0.06025886621565317, 0.056026708928874444, 0.051798002429520276, 0.06938406481341085, 0.0]"
"[0.0, 0.04751047979224072, 0.07694306829282066, 0.054789488779365826, 0.06589839120297296, 0.06682215211493926, 0.05645868074034494, 0.05131379893844003]","[0.04751047979224072, 0.0, 0.069863371098418, 0.05851443752779498, 0.06801631457068542, 0.06692727692178398, 0.06049590187824604, 0.05930264949818633]","[0.07694306829282066, 0.069863371098418, 0.0, 0.06869124379834476, 0.07641312341758957, 0.07150525341412171, 0.0843920791458704, 0.08417169983438641]","[0.054789488779365826, 0.05851443752779498, 0.06869124379834476, 0.0, 0.04648321270357611, 0.05032905915013557, 0.049880641954042265, 0.05874650165752018]","[0.06589839120297296, 0.06801631457068542, 0.07641312341758957, 0.04648321270357611, 0.0, 0.056929014700396005, 0.06211636670689111, 0.06711128055290702]","[0.06682215211493926, 0.06692727692178398, 0.07150525341412171, 0.05032905915013557, 0.056929014700396005, 0.0, 0.05141504925637946, 0.06684691288444423]","[0.05645868074034494, 0.06049590187824604, 0.0843920791458704, 0.049880641954042265, 0.06211636670689111, 0.05141504925637946, 0.0, 0.050819066321077806]","[0.05131379893844003, 0.05930264949818633, 0.08417169983438641, 0.05874650165752018, 0.06711128055290702, 0.06684691288444423, 0.050819066321077806, 0.0]"
"[0.0, 0.05771687892255614, 0.07891625680875893, 0.09227851034701096, 0.06090961449574441, 0.04904534404637481, 0.05727019230150703, 0.04495269350796692]","[0.05771687892255614, 0.0, 0.08565911305076936, 0.09909467366157011, 0.07104714936786928, 0.06538538380161332, 0.07029949526584704, 0.06525477210531828]","[0.07891625680875893, 0.08565911305076936, 0.0, 0.09580237076011855, 0.08675096636504356, 0.08614054133709889, 0.09198959721280979, 0.08572283675099121]","[0.09227851034701096, 0.09909467366157011, 0.09580237076011855, 0.0, 0.08927552637879076, 0.10032236817190647, 0.10319564466219461, 0.10084763907320937]","[0.06090961449574441, 0.07104714936786928, 0.08675096636504356, 0.08927552637879076, 0.0, 0.05863501904998, 0.06505564099917735, 0.06252789567453815]","[0.04904534404637481, 0.06538538380161332, 0.08614054133709889, 0.10032236817190647, 0.05863501904998, 0.0, 0.04101356862136569, 0.008711390890167495]","[0.05727019230150703, 0.07029949526584704, 0.09198959721280979, 0.10319564466219461, 0.06505564099917735, 0.04101356862136569, 0.0, 0.0411013714395787]","[0.04495269350796692, 0.06525477210531828, 0.08572283675099121, 0.10084763907320937, 0.06252789567453815, 0.008711390890167495, 0.0411013714395787, 0.0]"
"[0.0, 0.042743842037955504, 0.07754934882811958, 0.06856682059507167, 0.06203090176023159, 0.0461456822368434, 0.06988921141321545, 0.05461707499377049]","[0.042743842037955504, 0.0, 0.07255919329685158, 0.06989899793367799, 0.05389775166238628, 0.03792073737572344, 0.07170556468993422, 0.05840216180208574]","[0.07754934882811958, 0.07255919329685158, 0.0, 0.07300836093320998, 0.07918504783614164, 0.07959002659722438, 0.0875860741253425, 0.0881827349805587]","[0.06856682059507167, 0.06989899793367799, 0.07300836093320998, 0.0, 0.0690021760300447, 0.0685535761623341, 0.08406688264799603, 0.07368912758979432]","[0.06203090176023159, 0.05389775166238628, 0.07918504783614164, 0.0690021760300447, 0.0, 0.04904338978953076, 0.0845833490796209, 0.06316232179723369]","[0.0461456822368434, 0.03792073737572344, 0.07959002659722438, 0.0685535761623341, 0.04904338978953076, 0.0, 0.06150986667318839, 0.05177247464592605]","[0.06988921141321545, 0.07170556468993422, 0.0875860741253425, 0.08406688264799603, 0.0845833490796209, 0.06150986667318839, 0.0, 0.06293258498306487]","[0.05461707499377049, 0.05840216180208574, 0.0881827349805587, 0.07368912758979432, 0.06316232179723369, 0.05177247464592605, 0.06293258498306487, 0.0]"
"[0.0, 0.07605281221854127, 0.09193441219208907, 0.08879362243839872, 0.08573100723570706, 0.08529456681756802, 0.08678111694558348, 0.07224998053354191]","[0.07605281221854127, 0.0, 0.07536653654210268, 0.04757270383306634, 0.05008003138355185, 0.05197039183008931, 0.05751151210865247, 0.04463682866199588]","[0.09193441219208907, 0.07536653654210268, 0.0, 0.0699560352923012, 0.08562444981853419, 0.08860444670298502, 0.09319731975823511, 0.08608402369026405]","[0.08879362243839872, 0.04757270383306634, 0.0699560352923012, 0.0, 0.044856290451416085, 0.05541945839523887, 0.0584441267851616, 0.05067202004968588]","[0.08573100723570706, 0.05008003138355185, 0.08562444981853419, 0.044856290451416085, 0.0, 0.05094356216994385, 0.054820543087477656, 0.046807208353008035]","[0.08529456681756802, 0.05197039183008931, 0.08860444670298502, 0.05541945839523887, 0.05094356216994385, 0.0, 0.05747392230431851, 0.05404224606663407]","[0.08678111694558348, 0.05751151210865247, 0.09319731975823511, 0.0584441267851616, 0.054820543087477656, 0.05747392230431851, 0.0, 0.04646311241803634]","[0.07224998053354191, 0.04463682866199588, 0.08608402369026405, 0.05067202004968588, 0.046807208353008035, 0.05404224606663407, 0.04646311241803634, 0.0]"
"[0.0, 0.0638971968095732, 0.07391596817902421, 0.0712958941909314, 0.0434202215821353, 0.07825940898706495, 0.04374665248105176, 0.0315637474379746]","[0.0638971968095732, 0.0, 0.06645043069942311, 0.08080642516683234, 0.06586903661718936, 0.08385573624824073, 0.06388989211554995, 0.06250379717767689]","[0.07391596817902421, 0.06645043069942311, 0.0, 0.06993312276020895, 0.0726746703571038, 0.08823546114819784, 0.07188048867498237, 0.06844164505014282]","[0.0712958941909314, 0.08080642516683234, 0.06993312276020895, 0.0, 0.054873311774991, 0.08562927943757051, 0.06738966688744864, 0.07172491843972464]","[0.0434202215821353, 0.06586903661718936, 0.0726746703571038, 0.054873311774991, 0.0, 0.06560867627348108, 0.03889278963256623, 0.04798707211485501]","[0.07825940898706495, 0.08385573624824073, 0.08823546114819784, 0.08562927943757051, 0.06560867627348108, 0.0, 0.06115392525632684, 0.07669762825782432]","[0.04374665248105176, 0.06388989211554995, 0.07188048867498237, 0.06738966688744864, 0.03889278963256623, 0.06115392525632684, 0.0, 0.035496510555803974]","[0.0315637474379746, 0.06250379717767689, 0.06844164505014282, 0.07172491843972464, 0.04798707211485501, 0.07669762825782432, 0.035496510555803974, 0.0]"
"[0.0, 0.05612837753764749, 0.032629573933096644, 0.06243521872599544, 0.05014206583240119, 0.06243884844175246, 0.0651027413018637, 0.048425919930994106]","[0.05612837753764749, 0.0, 0.048656366736370145, 0.06913547977449178, 0.07286234896675155, 0.07900373990721571, 0.07195726866297, 0.06340513917672837]","[0.032629573933096644, 0.048656366736370145, 0.0, 0.05321575078995647, 0.046567698271367884, 0.06494563693738052, 0.06454455930841183, 0.05325111901910982]","[0.06243521872599544, 0.06913547977449178, 0.05321575078995647, 0.0, 0.05366442442210006, 0.07891363532553929, 0.07891379031822403, 0.07475595991008618]","[0.05014206583240119, 0.07286234896675155, 0.046567698271367884, 0.05366442442210006, 0.0, 0.06354047248179445, 0.07548603664106059, 0.06571085261279135]","[0.06243884844175246, 0.07900373990721571, 0.06494563693738052, 0.07891363532553929, 0.06354047248179445, 0.0, 0.06560477004713376, 0.06648120277226438]","[0.0651027413018637, 0.07195726866297, 0.06454455930841183, 0.07891379031822403, 0.07548603664106059, 0.06560477004713376, 0.0, 0.054961609526629734]","[0.048425919930994106, 0.06340513917672837, 0.05325111901910982, 0.07475595991008618, 0.06571085261279135, 0.06648120277226438, 0.054961609526629734, 0.0]"
"[0.0, 0.046526504395909385, 0.09611850861277758, 0.05314818968251729, 0.07743800555760817, 0.048396691149118994, 0.041180145440825267, 0.03824170359123098]","[0.046526504395909385, 0.0, 0.08100488097370488, 0.04049084292560128, 0.07387842045318467, 0.043650014323442746, 0.04135419289063062, 0.05324548082257652]","[0.09611850861277758, 0.08100488097370488, 0.0, 0.07549518149236498, 0.08901521493834015, 0.09180599829931363, 0.09471837723051652, 0.09288853503089406]","[0.05314818968251729, 0.04049084292560128, 0.07549518149236498, 0.0, 0.06045388041399958, 0.04021395095031757, 0.04224645213715116, 0.05115981031580123]","[0.07743800555760817, 0.07387842045318467, 0.08901521493834015, 0.06045388041399958, 0.0, 0.0683634137892429, 0.07097638249046387, 0.06424469999113847]","[0.048396691149118994, 0.043650014323442746, 0.09180599829931363, 0.04021395095031757, 0.0683634137892429, 0.0, 0.03288109379528386, 0.04894740985856606]","[0.041180145440825267, 0.04135419289063062, 0.09471837723051652, 0.04224645213715116, 0.07097638249046387, 0.03288109379528386, 0.0, 0.04099305305078634]","[0.03824170359123098, 0.05324548082257652, 0.09288853503089406, 0.05115981031580123, 0.06424469999113847, 0.04894740985856606, 0.04099305305078634, 0.0]"
"[0.0, 0.05182517999875885, 0.06901120685938177, 0.054881800328949244, 0.0767443213813475, 0.06558427876632521, 0.057309489905868906, 0.06663661097965842]","[0.05182517999875885, 0.0, 0.06453939330678712, 0.06238565231646677, 0.07945020832452633, 0.06813983714262169, 0.06774854574787041, 0.07295919647655791]","[0.06901120685938177, 0.06453939330678712, 0.0, 0.06442788234882232, 0.0775869087127817, 0.06538075931644691, 0.06886480289764052, 0.07846040620501028]","[0.054881800328949244, 0.06238565231646677, 0.06442788234882232, 0.0, 0.057900803043061305, 0.03795204088963608, 0.04905146561822689, 0.06298910735676172]","[0.0767443213813475, 0.07945020832452633, 0.0775869087127817, 0.057900803043061305, 0.0, 0.04506699660734529, 0.06996340204408999, 0.07907278429275327]","[0.06558427876632521, 0.06813983714262169, 0.06538075931644691, 0.03795204088963608, 0.04506699660734529, 0.0, 0.04713818430359718, 0.064484539509707]","[0.057309489905868906, 0.06774854574787041, 0.06886480289764052, 0.04905146561822689, 0.06996340204408999, 0.04713818430359718, 0.0, 0.05682948326559023]","[0.06663661097965842, 0.07295919647655791, 0.07846040620501028, 0.06298910735676172, 0.07907278429275327, 0.064484539509707, 0.05682948326559023, 0.0]"
"[0.0, 0.047485355572272306, 0.0282317567748866, 0.06564111063484801, 0.09399584499106027, 0.054204439359498806, 0.04011574582955361, 0.050023331740679376]","[0.047485355572272306, 0.0, 0.05441939674749284, 0.07340167135079044, 0.09205908013389341, 0.07336210028938388, 0.06389165725280233, 0.0652922192555629]","[0.0282317567748866, 0.05441939674749284, 0.0, 0.05922907515324952, 0.09467540430586664, 0.052528447042712395, 0.03186791414752715, 0.05497417497809068]","[0.06564111063484801, 0.07340167135079044, 0.05922907515324952, 0.0, 0.08017580723296264, 0.06241970519417004, 0.066342423952284, 0.07070878109170582]","[0.09399584499106027, 0.09205908013389341, 0.09467540430586664, 0.08017580723296264, 0.0, 0.08617133097957151, 0.0967240289370854, 0.0975677868061037]","[0.054204439359498806, 0.07336210028938388, 0.052528447042712395, 0.06241970519417004, 0.08617133097957151, 0.0, 0.04586299814572494, 0.06310695430653811]","[0.04011574582955361, 0.06389165725280233, 0.03186791414752715, 0.066342423952284, 0.0967240289370854, 0.04586299814572494, 0.0, 0.053762840774905334]","[0.050023331740679376, 0.0652922192555629, 0.05497417497809068, 0.07070878109170582, 0.0975677868061037, 0.06310695430653811, 0.053762840774905334, 0.0]"
"[0.0, 0.05088232983942391, 0.06349709178256763, 0.05770889218900909, 0.05936950527939285, 0.07796220616125514, 0.06637841826865243, 0.05611986202968417]","[0.05088232983942391, 0.0, 0.0626051821312206, 0.06800528108459179, 0.06922401564769437, 0.08276880172534307, 0.0740472116988036, 0.06244796134700336]","[0.06349709178256763, 0.0626051821312206, 0.0, 0.044366219216509815, 0.053645812651660664, 0.08054306108267735, 0.07638425410790331, 0.06679351253381234]","[0.05770889218900909, 0.06800528108459179, 0.044366219216509815, 0.0, 0.027757951768173153, 0.07696446099321268, 0.07104729206437915, 0.05876252227645367]","[0.05936950527939285, 0.06922401564769437, 0.053645812651660664, 0.027757951768173153, 0.0, 0.07289033952524025, 0.06605472671392555, 0.05636713970911997]","[0.07796220616125514, 0.08276880172534307, 0.08054306108267735, 0.07696446099321268, 0.07289033952524025, 0.0, 0.06297412606210032, 0.07003546900514081]","[0.06637841826865243, 0.0740472116988036, 0.07638425410790331, 0.07104729206437915, 0.06605472671392555, 0.06297412606210032, 0.0, 0.055212752173178926]","[0.05611986202968417, 0.06244796134700336, 0.06679351253381234, 0.05876252227645367, 0.05636713970911997, 0.07003546900514081, 0.055212752173178926, 0.0]"
"[0.0, 0.05151280195731376, 0.06598966738429331, 0.08646455514119425, 0.0630412333990545, 0.06538972678708559, 0.05924748239724735, 0.04688006671025932]","[0.05151280195731376, 0.0, 0.06318715521460566, 0.08131492859697909, 0.05649948018905374, 0.06480205877314356, 0.05223011312467735, 0.05021476473917922]","[0.06598966738429331, 0.06318715521460566, 0.0, 0.07793891721830755, 0.06665209816885719, 0.06203767966847884, 0.0657655132139434, 0.07001303737521805]","[0.08646455514119425, 0.08131492859697909, 0.07793891721830755, 0.0, 0.07099426429830034, 0.08784570790731959, 0.07816803616880556, 0.0774949257337765]","[0.0630412333990545, 0.05649948018905374, 0.06665209816885719, 0.07099426429830034, 0.0, 0.06036687125331286, 0.06179818775514867, 0.057551185715777595]","[0.06538972678708559, 0.06480205877314356, 0.06203767966847884, 0.08784570790731959, 0.06036687125331286, 0.0, 0.056862390604497375, 0.06095210685138337]","[0.05924748239724735, 0.05223011312467735, 0.0657655132139434, 0.07816803616880556, 0.06179818775514867, 0.056862390604497375, 0.0, 0.037200461170354526]","[0.04688006671025932, 0.05021476473917922, 0.07001303737521805, 0.0774949257337765, 0.057551185715777595, 0.06095210685138337, 0.037200461170354526, 0.0]"
