"[0.0, 0.2757213639773323, 0.26466813486274016, 0.04413917918628938, 0.028515216404400454]","[0.2757213639773323, 0.0, 0.3690353719067533, 0.29613536024095544, 0.29534511517058476]","[0.26466813486274016, 0.3690353719067533, 0.0, 0.23163301409735496, 0.2587310970298174]","[0.04413917918628938, 0.29613536024095544, 0.23163301409735496, 0.0, 0.02946278254943948]","[0.028515216404400454, 0.29534511517058476, 0.2587310970298174, 0.02946278254943948, 0.0]"
"[0.0, 0.052822140920532286, 0.40868616549637676, 0.043705825422066746, 0.026613457101645005]","[0.052822140920532286, 0.0, 0.385498642405785, 0.059869076480945645, 0.048809663405500366]","[0.40868616549637676, 0.385498642405785, 0.0, 0.39329786093695246, 0.40829209909917824]","[0.043705825422066746, 0.059869076480945645, 0.39329786093695246, 0.0, 0.024514516892273006]","[0.026613457101645005, 0.048809663405500366, 0.40829209909917824, 0.024514516892273006, 0.0]"
"[0.0, 0.23750174045588957, 0.05422709599985916, 0.25801348409958724, 0.050239809529281275]","[0.23750174045588957, 0.0, 0.26296872217062023, 0.3635421422533283, 0.2743183545181759]","[0.05422709599985916, 0.26296872217062023, 0.0, 0.21735283359897628, 0.03150713300507411]","[0.25801348409958724, 0.3635421422533283, 0.21735283359897628, 0.0, 0.24022333824693684]","[0.050239809529281275, 0.2743183545181759, 0.03150713300507411, 0.24022333824693684, 0.0]"
"[0.0, 0.231604581635235, 0.3531788367823244, 0.2712980304701756]","[0.231604581635235, 0.0, 0.21700870262423122, 0.04601508253293501]","[0.3531788367823244, 0.21700870262423122, 0.0, 0.21237606814880136]","[0.2712980304701756, 0.04601508253293501, 0.21237606814880136, 0.0]"
