"[0.0, 0.10519621556373944, 0.08622523056536867, 0.09535788118877084, 0.0692025437576505, 0.11351938289950234, 0.12306392531211138, 0.06858732123416825]","[0.10519621556373944, 0.0, 0.11316510557589973, 0.1283541732092817, 0.11899929714824525, 0.14136798642717774, 0.14699150244898382, 0.11976711395956624]","[0.08622523056536867, 0.11316510557589973, 0.0, 0.08585878879247669, 0.07257606963939602, 0.10962442775704938, 0.1203940578539925, 0.07347477031549725]","[0.09535788118877084, 0.1283541732092817, 0.08585878879247669, 0.0, 0.059954074904194986, 0.11608822997492685, 0.11603521213151337, 0.06995118263938034]","[0.0692025437576505, 0.11899929714824525, 0.07257606963939602, 0.059954074904194986, 0.0, 0.09907915742069748, 0.10889756928306336, 0.01753196533857554]","[0.11351938289950234, 0.14136798642717774, 0.10962442775704938, 0.11608822997492685, 0.09907915742069748, 0.0, 0.12211832435756675, 0.09687156911738809]","[0.12306392531211138, 0.14699150244898382, 0.1203940578539925, 0.11603521213151337, 0.10889756928306336, 0.12211832435756675, 0.0, 0.10107089021377566]","[0.06858732123416825, 0.11976711395956624, 0.07347477031549725, 0.06995118263938034, 0.01753196533857554, 0.09687156911738809, 0.10107089021377566, 0.0]"
"[0.0, 0.10474612657567337, 0.12611241252472333, 0.14237252608412504, 0.1258632977418133, 0.14686191945840718, 0.10619855849393804]","[0.10474612657567337, 0.0, 0.0705556010371281, 0.10307054312076559, 0.08768459342742699, 0.11523398707713302, 0.021831824188338744]","[0.12611241252472333, 0.0705556010371281, 0.0, 0.10079750401900184, 0.10454345734332249, 0.1320926827861355, 0.08339705951170141]","[0.14237252608412504, 0.10307054312076559, 0.10079750401900184, 0.0, 0.11766709111602927, 0.1449032819720019, 0.10358321839615538]","[0.1258632977418133, 0.08768459342742699, 0.10454345734332249, 0.11766709111602927, 0.0, 0.10486921074547464, 0.08737574932124771]","[0.14686191945840718, 0.11523398707713302, 0.1320926827861355, 0.1449032819720019, 0.10486921074547464, 0.0, 0.11436363269792592]","[0.10619855849393804, 0.021831824188338744, 0.08339705951170141, 0.10358321839615538, 0.08737574932124771, 0.11436363269792592, 0.0]"
"[0.0, 0.05074529788806614, 0.022488199938709347, 0.141262834984279, 0.07209354681192305, 0.07358447455633849, 0.01952144612505862, 0.09784480551548513]","[0.05074529788806614, 0.0, 0.04803699281919976, 0.14351820202463533, 0.08209234431072553, 0.08554480589369315, 0.055534078609510706, 0.11637516767814668]","[0.022488199938709347, 0.04803699281919976, 0.0, 0.13086751224316678, 0.06969443679174143, 0.07329559656657411, 0.0223506496817782, 0.10921336090706434]","[0.141262834984279, 0.14351820202463533, 0.13086751224316678, 0.0, 0.13790833050167917, 0.1486535138267588, 0.14307797184091273, 0.16434661147620597]","[0.07209354681192305, 0.08209234431072553, 0.06969443679174143, 0.13790833050167917, 0.0, 0.087686655957728, 0.07211166802581699, 0.11962076613015772]","[0.07358447455633849, 0.08554480589369315, 0.07329559656657411, 0.1486535138267588, 0.087686655957728, 0.0, 0.07052006219823957, 0.124928345473189]","[0.01952144612505862, 0.055534078609510706, 0.0223506496817782, 0.14307797184091273, 0.07211166802581699, 0.07052006219823957, 0.0, 0.10579196003231463]","[0.09784480551548513, 0.11637516767814668, 0.10921336090706434, 0.16434661147620597, 0.11962076613015772, 0.124928345473189, 0.10579196003231463, 0.0]"
"[0.0, 0.0910167030067655, 0.11511863441481247, 0.1018887069976022, 0.06199134575710481, 0.023896548957941455, 0.08796899182615629, 0.06948976325342222]","[0.0910167030067655, 0.0, 0.12144990072835242, 0.1223943354440784, 0.10395914384380407, 0.09182994709065441, 0.12240722609862442, 0.10862871419867588]","[0.11511863441481247, 0.12144990072835242, 0.0, 0.10837993947930323, 0.11206672636904405, 0.1114100910312728, 0.13593740098770088, 0.12669487175482227]","[0.1018887069976022, 0.1223943354440784, 0.10837993947930323, 0.0, 0.09464725233674139, 0.09636776056220084, 0.13143952691142433, 0.12090749608537434]","[0.06199134575710481, 0.10395914384380407, 0.11206672636904405, 0.09464725233674139, 0.0, 0.04866402103496639, 0.09720306732683019, 0.09451199624682906]","[0.023896548957941455, 0.09182994709065441, 0.1114100910312728, 0.09636776056220084, 0.04866402103496639, 0.0, 0.08445805771659194, 0.07485967261929267]","[0.08796899182615629, 0.12240722609862442, 0.13593740098770088, 0.13143952691142433, 0.09720306732683019, 0.08445805771659194, 0.0, 0.09146497086306996]","[0.06948976325342222, 0.10862871419867588, 0.12669487175482227, 0.12090749608537434, 0.09451199624682906, 0.07485967261929267, 0.09146497086306996, 0.0]"
"[0.0, 0.13244910098401294, 0.0912138188384831, 0.0914358878702083, 0.133904881008013, 0.10986226973437632, 0.10009095591330935, 0.08464949129502829]","[0.13244910098401294, 0.0, 0.11227812070340774, 0.11458656956650459, 0.14928540138826213, 0.12756305198094464, 0.11906758633973674, 0.11486543884689991]","[0.0912138188384831, 0.11227812070340774, 0.0, 0.018489369513909497, 0.11440123528141755, 0.07975532864770603, 0.0622970219664197, 0.020419672848565697]","[0.0914358878702083, 0.11458656956650459, 0.018489369513909497, 0.0, 0.10461562070941326, 0.07790658592723805, 0.06369410686230817, 0.027160765851166453]","[0.133904881008013, 0.14928540138826213, 0.11440123528141755, 0.10461562070941326, 0.0, 0.09045355283003956, 0.11933542772583637, 0.11613791688879085]","[0.10986226973437632, 0.12756305198094464, 0.07975532864770603, 0.07790658592723805, 0.09045355283003956, 0.0, 0.07739355341127774, 0.0748340564351055]","[0.10009095591330935, 0.11906758633973674, 0.0622970219664197, 0.06369410686230817, 0.11933542772583637, 0.07739355341127774, 0.0, 0.05159504716913886]","[0.08464949129502829, 0.11486543884689991, 0.020419672848565697, 0.027160765851166453, 0.11613791688879085, 0.0748340564351055, 0.05159504716913886, 0.0]"
"[0.0, 0.11744375990594502, 0.11022289275347194, 0.12754620806584058, 0.11915454085478824, 0.11943077163585475, 0.11995610834062834, 0.11135553405919794]","[0.11744375990594502, 0.0, 0.0639279318404066, 0.0904893385970068, 0.09088882072439493, 0.09606322563692489, 0.0966800788604452, 0.10318425916507966]","[0.11022289275347194, 0.0639279318404066, 0.0, 0.06027164547912846, 0.0753128170866291, 0.07239742893387478, 0.07921182422742576, 0.0811077325247451]","[0.12754620806584058, 0.0904893385970068, 0.06027164547912846, 0.0, 0.09197307907824777, 0.09829647380398336, 0.0967738750757649, 0.10281715735472328]","[0.11915454085478824, 0.09088882072439493, 0.0753128170866291, 0.09197307907824777, 0.0, 0.09085017337808428, 0.09598006696736133, 0.10645403647982718]","[0.11943077163585475, 0.09606322563692489, 0.07239742893387478, 0.09829647380398336, 0.09085017337808428, 0.0, 0.09535349867747243, 0.09910335738984577]","[0.11995610834062834, 0.0966800788604452, 0.07921182422742576, 0.0967738750757649, 0.09598006696736133, 0.09535349867747243, 0.0, 0.09524411295499521]","[0.11135553405919794, 0.10318425916507966, 0.0811077325247451, 0.10281715735472328, 0.10645403647982718, 0.09910335738984577, 0.09524411295499521, 0.0]"
"[0.0, 0.09220646868786948, 0.13254239238498858, 0.14120343565998514, 0.10474967188822333, 0.10577490196902728, 0.11497063377031508, 0.11879248569417446]","[0.09220646868786948, 0.0, 0.10594874220551735, 0.10968044040811178, 0.022182258353733032, 0.024617385498146706, 0.06573163382553157, 0.07896983602489381]","[0.13254239238498858, 0.10594874220551735, 0.0, 0.11352239793379616, 0.10980979970730834, 0.1140111298131451, 0.1222309247611534, 0.12766764488410953]","[0.14120343565998514, 0.10968044040811178, 0.11352239793379616, 0.0, 0.09921624399606721, 0.11121234322982643, 0.12156156955257924, 0.11519850726661968]","[0.10474967188822333, 0.022182258353733032, 0.10980979970730834, 0.09921624399606721, 0.0, 0.022020620946080174, 0.06659458951853328, 0.07946134932442267]","[0.10577490196902728, 0.024617385498146706, 0.1140111298131451, 0.11121234322982643, 0.022020620946080174, 0.0, 0.05240281957189466, 0.08342582746050263]","[0.11497063377031508, 0.06573163382553157, 0.1222309247611534, 0.12156156955257924, 0.06659458951853328, 0.05240281957189466, 0.0, 0.10095326193249693]","[0.11879248569417446, 0.07896983602489381, 0.12766764488410953, 0.11519850726661968, 0.07946134932442267, 0.08342582746050263, 0.10095326193249693, 0.0]"
"[0.0, 0.06436310237751718, 0.07854978057557427, 0.09268032960060936, 0.1307969250762527, 0.02560436999086696, 0.017711715258952796, 0.12736027674941766]","[0.06436310237751718, 0.0, 0.08962456472688685, 0.10771154035428653, 0.14270953517517984, 0.07576981761096409, 0.07542342932741214, 0.14430134646814508]","[0.07854978057557427, 0.08962456472688685, 0.0, 0.09804448706315291, 0.1378791005603228, 0.07798496699007386, 0.08110067114329396, 0.1504608770737016]","[0.09268032960060936, 0.10771154035428653, 0.09804448706315291, 0.0, 0.12378325696438318, 0.08905840184767243, 0.09439948450984031, 0.1485134915604572]","[0.1307969250762527, 0.14270953517517984, 0.1378791005603228, 0.12378325696438318, 0.0, 0.11522897790302643, 0.13057244893543335, 0.16795393698836333]","[0.02560436999086696, 0.07576981761096409, 0.07798496699007386, 0.08905840184767243, 0.11522897790302643, 0.0, 0.02472870863601633, 0.12783153473333875]","[0.017711715258952796, 0.07542342932741214, 0.08110067114329396, 0.09439948450984031, 0.13057244893543335, 0.02472870863601633, 0.0, 0.11770705729176793]","[0.12736027674941766, 0.14430134646814508, 0.1504608770737016, 0.1485134915604572, 0.16795393698836333, 0.12783153473333875, 0.11770705729176793, 0.0]"
"[0.0, 0.08944088871069275, 0.10765994019033844, 0.13821199044536644, 0.059229003259041194, 0.017984349878664964, 0.08305688594567101]","[0.08944088871069275, 0.0, 0.1136178016242658, 0.14180563189713594, 0.09500683257718028, 0.09253021302767568, 0.12049199677676684]","[0.10765994019033844, 0.1136178016242658, 0.0, 0.13432312263976134, 0.11192323289534319, 0.10759702898601482, 0.12362134621700814]","[0.13821199044536644, 0.14180563189713594, 0.13432312263976134, 0.0, 0.12150480431930945, 0.13661531026852583, 0.15544499750205626]","[0.059229003259041194, 0.09500683257718028, 0.11192323289534319, 0.12150480431930945, 0.0, 0.05565554464610998, 0.09927055178135298]","[0.017984349878664964, 0.09253021302767568, 0.10759702898601482, 0.13661531026852583, 0.05565554464610998, 0.0, 0.0715091283506379]","[0.08305688594567101, 0.12049199677676684, 0.12362134621700814, 0.15544499750205626, 0.09927055178135298, 0.0715091283506379, 0.0]"
"[0.0, 0.11358050520364879, 0.12250170181806513, 0.050880665095242215, 0.04900708927658465, 0.08208118974060385, 0.12170256794040987, 0.03353088453611506]","[0.11358050520364879, 0.0, 0.1365318745549163, 0.12675245219257694, 0.12859063577757088, 0.13586954157504083, 0.16371816894621408, 0.1211642687709725]","[0.12250170181806513, 0.1365318745549163, 0.0, 0.11354165603718942, 0.11966804923856997, 0.12124137845482423, 0.14925974217385668, 0.11911552254167125]","[0.050880665095242215, 0.12675245219257694, 0.11354165603718942, 0.0, 0.01817395109579534, 0.07083977800470262, 0.11852274735931562, 0.032334378163124525]","[0.04900708927658465, 0.12859063577757088, 0.11966804923856997, 0.01817395109579534, 0.0, 0.05981351641213416, 0.11923357473924912, 0.03220552540323454]","[0.08208118974060385, 0.13586954157504083, 0.12124137845482423, 0.07083977800470262, 0.05981351641213416, 0.0, 0.12874233479871272, 0.07425565086084711]","[0.12170256794040987, 0.16371816894621408, 0.14925974217385668, 0.11852274735931562, 0.11923357473924912, 0.12874233479871272, 0.0, 0.11238928390697567]","[0.03353088453611506, 0.1211642687709725, 0.11911552254167125, 0.032334378163124525, 0.03220552540323454, 0.07425565086084711, 0.11238928390697567, 0.0]"
"[0.0, 0.1066922318861125, 0.02442038721950658, 0.02479539065249569, 0.07382806931342942, 0.14255980002186672, 0.03306468136695304, 0.1007524264913208]","[0.1066922318861125, 0.0, 0.10361388158690715, 0.1131982095586788, 0.12896395786474485, 0.1681969935202081, 0.11355738255987818, 0.13948490182218126]","[0.02442038721950658, 0.10361388158690715, 0.0, 0.015852376821535914, 0.07577843969516836, 0.1422253231393753, 0.02913740241668729, 0.11666260267746564]","[0.02479539065249569, 0.1131982095586788, 0.015852376821535914, 0.0, 0.0743854872260015, 0.14343410645239796, 0.028760706065821956, 0.11783537403117246]","[0.07382806931342942, 0.12896395786474485, 0.07577843969516836, 0.0743854872260015, 0.0, 0.13846760111430037, 0.0739649671287385, 0.12539066284779754]","[0.14255980002186672, 0.1681969935202081, 0.1422253231393753, 0.14343410645239796, 0.13846760111430037, 0.0, 0.12197071526194911, 0.174750131273126]","[0.03306468136695304, 0.11355738255987818, 0.02913740241668729, 0.028760706065821956, 0.0739649671287385, 0.12197071526194911, 0.0, 0.11516760865814844]","[0.1007524264913208, 0.13948490182218126, 0.11666260267746564, 0.11783537403117246, 0.12539066284779754, 0.174750131273126, 0.11516760865814844, 0.0]"
"[0.0, 0.07817466428061681, 0.031139793083390533, 0.11651365808088636, 0.10139096129026061, 0.07226074390480748, 0.07180474676372599]","[0.07817466428061681, 0.0, 0.084397911778801, 0.13791331771330056, 0.12068944839973485, 0.10336945596093952, 0.10874347670674715]","[0.031139793083390533, 0.084397911778801, 0.0, 0.11564119750500966, 0.10394557995864642, 0.07320257569288742, 0.08622424870995778]","[0.11651365808088636, 0.13791331771330056, 0.11564119750500966, 0.0, 0.11910715883099972, 0.12667670860432928, 0.13447678989773532]","[0.10139096129026061, 0.12068944839973485, 0.10394557995864642, 0.11910715883099972, 0.0, 0.09823968767159465, 0.11346946784456254]","[0.07226074390480748, 0.10336945596093952, 0.07320257569288742, 0.12667670860432928, 0.09823968767159465, 0.0, 0.08238095988865395]","[0.07180474676372599, 0.10874347670674715, 0.08622424870995778, 0.13447678989773532, 0.11346946784456254, 0.08238095988865395, 0.0]"
"[0.0, 0.12282669301628835, 0.1519789773461586, 0.08853224576953408, 0.11660611151710043, 0.0899359442882554, 0.0810696564353354]","[0.12282669301628835, 0.0, 0.12537654930449127, 0.1112491860996838, 0.12886105580068014, 0.11189733251808089, 0.11585884762578529]","[0.1519789773461586, 0.12537654930449127, 0.0, 0.14243528626987229, 0.15436352553295243, 0.1442329282096591, 0.14683451950712034]","[0.08853224576953408, 0.1112491860996838, 0.14243528626987229, 0.0, 0.06760295974919461, 0.018543650619639293, 0.027103189532999693]","[0.11660611151710043, 0.12886105580068014, 0.15436352553295243, 0.06760295974919461, 0.0, 0.0597735843976338, 0.08291160209201677]","[0.0899359442882554, 0.11189733251808089, 0.1442329282096591, 0.018543650619639293, 0.0597735843976338, 0.0, 0.029953861508898342]","[0.0810696564353354, 0.11585884762578529, 0.14683451950712034, 0.027103189532999693, 0.08291160209201677, 0.029953861508898342, 0.0]"
"[0.0, 0.10962069504413825, 0.09527305362788176, 0.0749251982736195, 0.06309640718475362, 0.01335057644496182, 0.06713058388049963, 0.09259700947564535]","[0.10962069504413825, 0.0, 0.12157767334668766, 0.1264989093393013, 0.12512919401162884, 0.11229037873383481, 0.12291159381121003, 0.12195048082728896]","[0.09527305362788176, 0.12157767334668766, 0.0, 0.08568858536984209, 0.1000623268342701, 0.09624214651217469, 0.1114184201071406, 0.1279406017816271]","[0.0749251982736195, 0.1264989093393013, 0.08568858536984209, 0.0, 0.07914261846849764, 0.07762486138448166, 0.09944160965137336, 0.11508968891135803]","[0.06309640718475362, 0.12512919401162884, 0.1000623268342701, 0.07914261846849764, 0.0, 0.06509521409410711, 0.08617860147212866, 0.10660409439138428]","[0.01335057644496182, 0.11229037873383481, 0.09624214651217469, 0.07762486138448166, 0.06509521409410711, 0.0, 0.06423072696935649, 0.10162355867953074]","[0.06713058388049963, 0.12291159381121003, 0.1114184201071406, 0.09944160965137336, 0.08617860147212866, 0.06423072696935649, 0.0, 0.10000319304844084]","[0.09259700947564535, 0.12195048082728896, 0.1279406017816271, 0.11508968891135803, 0.10660409439138428, 0.10162355867953074, 0.10000319304844084, 0.0]"
"[0.0, 0.098498333062265, 0.12292215519087096, 0.10276099644224009, 0.11813855669453127, 0.09829044612689164, 0.1236159171278659, 0.10174531900404962]","[0.098498333062265, 0.0, 0.0756468013715715, 0.020113201194995736, 0.07539716881586778, 0.03365128737439957, 0.11844673138222911, 0.1122882806310376]","[0.12292215519087096, 0.0756468013715715, 0.0, 0.070027432679273, 0.09976791510776586, 0.08163056278044134, 0.14471686195809355, 0.1283385747111676]","[0.10276099644224009, 0.020113201194995736, 0.070027432679273, 0.0, 0.07220817617079242, 0.03761327584791926, 0.12332181448119564, 0.11192607726073517]","[0.11813855669453127, 0.07539716881586778, 0.09976791510776586, 0.07220817617079242, 0.0, 0.07276628725806228, 0.13630882072970257, 0.13057484799070307]","[0.09829044612689164, 0.03365128737439957, 0.08163056278044134, 0.03761327584791926, 0.07276628725806228, 0.0, 0.09705265407668456, 0.11457361752935599]","[0.1236159171278659, 0.11844673138222911, 0.14471686195809355, 0.12332181448119564, 0.13630882072970257, 0.09705265407668456, 0.0, 0.1461238154038495]","[0.10174531900404962, 0.1122882806310376, 0.1283385747111676, 0.11192607726073517, 0.13057484799070307, 0.11457361752935599, 0.1461238154038495, 0.0]"
"[0.0, 0.08046984771847596, 0.14484001284543824, 0.11538838880807506, 0.11678658859208187, 0.11726723948094225, 0.09902223184086993, 0.08455568289195212]","[0.08046984771847596, 0.0, 0.10994243634124891, 0.07468857641030398, 0.07587674912567441, 0.07985614662035516, 0.03975493618729768, 0.03197273850678553]","[0.14484001284543824, 0.10994243634124891, 0.0, 0.13012060443234225, 0.12647025816182636, 0.13519733851260554, 0.1314692192471332, 0.12939761111695064]","[0.11538838880807506, 0.07468857641030398, 0.13012060443234225, 0.0, 0.0882060532230601, 0.08880852747356528, 0.07185940428310113, 0.07420997931986013]","[0.11678658859208187, 0.07587674912567441, 0.12647025816182636, 0.0882060532230601, 0.0, 0.09069454645831414, 0.07452722338812806, 0.07446984285792493]","[0.11726723948094225, 0.07985614662035516, 0.13519733851260554, 0.08880852747356528, 0.09069454645831414, 0.0, 0.07109541957375723, 0.0767952150762802]","[0.09902223184086993, 0.03975493618729768, 0.1314692192471332, 0.07185940428310113, 0.07452722338812806, 0.07109541957375723, 0.0, 0.017932917070518237]","[0.08455568289195212, 0.03197273850678553, 0.12939761111695064, 0.07420997931986013, 0.07446984285792493, 0.0767952150762802, 0.017932917070518237, 0.0]"
