"[0.0, 0.04101691528031948, 0.04669433063170747, 0.048556383378314125, 0.048668661288754037, 0.048047986472778734, 0.04698481093446188, 0.03934291971515328]","[0.04101691528031948, 0.0, 0.03735402472037627, 0.040140495167974154, 0.04237032264761422, 0.044735006495940366, 0.042832255909707365, 0.039660285302600365]","[0.04669433063170747, 0.03735402472037627, 0.0, 0.03308229996902469, 0.042639558964036636, 0.04677265791476035, 0.040365766912625375, 0.03798318144364027]","[0.048556383378314125, 0.040140495167974154, 0.03308229996902469, 0.0, 0.035989340176112605, 0.042667007765084405, 0.039819251568562995, 0.043288580891762365]","[0.048668661288754037, 0.04237032264761422, 0.042639558964036636, 0.035989340176112605, 0.0, 0.03487979345117173, 0.03897008506365794, 0.04432176672547145]","[0.048047986472778734, 0.044735006495940366, 0.04677265791476035, 0.042667007765084405, 0.03487979345117173, 0.0, 0.03922016924664035, 0.04451541825170918]","[0.04698481093446188, 0.042832255909707365, 0.040365766912625375, 0.039819251568562995, 0.03897008506365794, 0.03922016924664035, 0.0, 0.034235376203504454]","[0.03934291971515328, 0.039660285302600365, 0.03798318144364027, 0.043288580891762365, 0.04432176672547145, 0.04451541825170918, 0.034235376203504454, 0.0]"
"[0.0, 0.03687156636406551, 0.03545801668020579, 0.040916434319296834, 0.06593752449014317, 0.042461749192844414, 0.03763973038187836, 0.03687631765882137]","[0.03687156636406551, 0.0, 0.0339322886911663, 0.03928595606458234, 0.06183509384557377, 0.041622474730310555, 0.038966356623696935, 0.04207079688249108]","[0.03545801668020579, 0.0339322886911663, 0.0, 0.028932162178762003, 0.06608220369455764, 0.03966164274282634, 0.03096327011700072, 0.028128775412828263]","[0.040916434319296834, 0.03928595606458234, 0.028932162178762003, 0.0, 0.058167246381002395, 0.03660425800868934, 0.03490593811185118, 0.03204158438536615]","[0.06593752449014317, 0.06183509384557377, 0.06608220369455764, 0.058167246381002395, 0.0, 0.05286626547257, 0.06312001315472002, 0.07139403032897765]","[0.042461749192844414, 0.041622474730310555, 0.03966164274282634, 0.03660425800868934, 0.05286626547257, 0.0, 0.03350929100413761, 0.04123609461410649]","[0.03763973038187836, 0.038966356623696935, 0.03096327011700072, 0.03490593811185118, 0.06312001315472002, 0.03350929100413761, 0.0, 0.031197649098208644]","[0.03687631765882137, 0.04207079688249108, 0.028128775412828263, 0.03204158438536615, 0.07139403032897765, 0.04123609461410649, 0.031197649098208644, 0.0]"
"[0.0, 0.04397324700638758, 0.042417233190617055, 0.04535682770158086, 0.05606700327664895, 0.04433913014692784, 0.04299307226642905, 0.03800051865428695]","[0.04397324700638758, 0.0, 0.039062529025923956, 0.04635199585769567, 0.05523816558909131, 0.0456188389849481, 0.04587748968848694, 0.04514967342824728]","[0.042417233190617055, 0.039062529025923956, 0.0, 0.03013501687933124, 0.05541666750649935, 0.03787389170144814, 0.03709459476803525, 0.04152647190773661]","[0.04535682770158086, 0.04635199585769567, 0.03013501687933124, 0.0, 0.05440136770170106, 0.03421166749942346, 0.03211827726343273, 0.03954836864665116]","[0.05606700327664895, 0.05523816558909131, 0.05541666750649935, 0.05440136770170106, 0.0, 0.052028997539789165, 0.05382469332853003, 0.05524188566852276]","[0.04433913014692784, 0.0456188389849481, 0.03787389170144814, 0.03421166749942346, 0.052028997539789165, 0.0, 0.0327453860446956, 0.04207522456000915]","[0.04299307226642905, 0.04587748968848694, 0.03709459476803525, 0.03211827726343273, 0.05382469332853003, 0.0327453860446956, 0.0, 0.037612029579509126]","[0.03800051865428695, 0.04514967342824728, 0.04152647190773661, 0.03954836864665116, 0.05524188566852276, 0.04207522456000915, 0.037612029579509126, 0.0]"
"[0.0, 0.04989847845369575, 0.05907299304820847, 0.06094845266007528, 0.061103470929127116, 0.05516353371819249, 0.05829545046126659, 0.052337980164454616]","[0.04989847845369575, 0.0, 0.03489010110717143, 0.04974776371675991, 0.04379791022564591, 0.038773694175528686, 0.04010083212714303, 0.04623341065743827]","[0.05907299304820847, 0.03489010110717143, 0.0, 0.04861942762620207, 0.02857035789434959, 0.03788717709781943, 0.027577074784845234, 0.04724442598370693]","[0.06094845266007528, 0.04974776371675991, 0.04861942762620207, 0.0, 0.05131972351687251, 0.05278292375752763, 0.05437678578190211, 0.05443262353351165]","[0.061103470929127116, 0.04379791022564591, 0.02857035789434959, 0.05131972351687251, 0.0, 0.03339542447648687, 0.029254894969119524, 0.04438706117970826]","[0.05516353371819249, 0.038773694175528686, 0.03788717709781943, 0.05278292375752763, 0.03339542447648687, 0.0, 0.030434330227046596, 0.04170221086116797]","[0.05829545046126659, 0.04010083212714303, 0.027577074784845234, 0.05437678578190211, 0.029254894969119524, 0.030434330227046596, 0.0, 0.04181603557438303]","[0.052337980164454616, 0.04623341065743827, 0.04724442598370693, 0.05443262353351165, 0.04438706117970826, 0.04170221086116797, 0.04181603557438303, 0.0]"
"[0.0, 0.03521539018617579, 0.045065666945685166, 0.046299027105781716, 0.047255095973961506, 0.04479867991065175, 0.04563035828075844, 0.0387390283648182]","[0.03521539018617579, 0.0, 0.03608555622101017, 0.043724748362166506, 0.04213083205198648, 0.03834816395066156, 0.04093280040718517, 0.03528395442482503]","[0.045065666945685166, 0.03608555622101017, 0.0, 0.03586034609996009, 0.039120509242911106, 0.03784255416743333, 0.04412576689166869, 0.03594914691625954]","[0.046299027105781716, 0.043724748362166506, 0.03586034609996009, 0.0, 0.04013625980447097, 0.04441979373944687, 0.04534720152595136, 0.04200894213708248]","[0.047255095973961506, 0.04213083205198648, 0.039120509242911106, 0.04013625980447097, 0.0, 0.03465094661730317, 0.040338298645354494, 0.04080866234536662]","[0.04479867991065175, 0.03834816395066156, 0.03784255416743333, 0.04441979373944687, 0.03465094661730317, 0.0, 0.03767211467219041, 0.0346147011622479]","[0.04563035828075844, 0.04093280040718517, 0.04412576689166869, 0.04534720152595136, 0.040338298645354494, 0.03767211467219041, 0.0, 0.03800121393815276]","[0.0387390283648182, 0.03528395442482503, 0.03594914691625954, 0.04200894213708248, 0.04080866234536662, 0.0346147011622479, 0.03800121393815276, 0.0]"
"[0.0, 0.041789412593179684, 0.04655406013256595, 0.05511111848149859, 0.03778851844464544, 0.04241729153390218, 0.03167697791457122, 0.02903660101733175]","[0.041789412593179684, 0.0, 0.04099494730401652, 0.05504622008398226, 0.04622515665304851, 0.045626061900573035, 0.04661903480259251, 0.04652956894561991]","[0.04655406013256595, 0.04099494730401652, 0.0, 0.04945683996852084, 0.04529367159301998, 0.048781288758277634, 0.048887086435135785, 0.04890944648289487]","[0.05511111848149859, 0.05504622008398226, 0.04945683996852084, 0.0, 0.04387351523256443, 0.05052748781139328, 0.0553023664158738, 0.05957209071712186]","[0.03778851844464544, 0.04622515665304851, 0.04529367159301998, 0.04387351523256443, 0.0, 0.03988041389812419, 0.03971626562857206, 0.04198581124582222]","[0.04241729153390218, 0.045626061900573035, 0.048781288758277634, 0.05052748781139328, 0.03988041389812419, 0.0, 0.04057587251542235, 0.04731955646773321]","[0.03167697791457122, 0.04661903480259251, 0.048887086435135785, 0.0553023664158738, 0.03971626562857206, 0.04057587251542235, 0.0, 0.02738364203192969]","[0.02903660101733175, 0.04652956894561991, 0.04890944648289487, 0.05957209071712186, 0.04198581124582222, 0.04731955646773321, 0.02738364203192969, 0.0]"
"[0.0, 0.04038748606114025, 0.04498268038378101, 0.047542011670243585, 0.04720426306988226, 0.04890017092911126, 0.04594299241792728, 0.051014549519832565]","[0.04038748606114025, 0.0, 0.0375270697501658, 0.04125424075890718, 0.041284938695851425, 0.0498406652105906, 0.04275295648837703, 0.058842493065813586]","[0.04498268038378101, 0.0375270697501658, 0.0, 0.02966277302680972, 0.03215396801573049, 0.04682884193823967, 0.03566088852322905, 0.06190963724995421]","[0.047542011670243585, 0.04125424075890718, 0.02966277302680972, 0.0, 0.025476170157652366, 0.04709997703124108, 0.03643280945682542, 0.0683321519669887]","[0.04720426306988226, 0.041284938695851425, 0.03215396801573049, 0.025476170157652366, 0.0, 0.04245737918642778, 0.035509268081080236, 0.06804902972862208]","[0.04890017092911126, 0.0498406652105906, 0.04682884193823967, 0.04709997703124108, 0.04245737918642778, 0.0, 0.03614500406923323, 0.05866215117061877]","[0.04594299241792728, 0.04275295648837703, 0.03566088852322905, 0.03643280945682542, 0.035509268081080236, 0.03614500406923323, 0.0, 0.054894771235927585]","[0.051014549519832565, 0.058842493065813586, 0.06190963724995421, 0.0683321519669887, 0.06804902972862208, 0.05866215117061877, 0.054894771235927585, 0.0]"
"[0.0, 0.038448763080482055, 0.04943823755405692, 0.05375602190002386, 0.05262841255623797, 0.05647921213671045, 0.051591530854616374, 0.04022853302037736]","[0.038448763080482055, 0.0, 0.04097106682738401, 0.04724950919192125, 0.05048147781850981, 0.05018956421495108, 0.04502876570531392, 0.043922808461352186]","[0.04943823755405692, 0.04097106682738401, 0.0, 0.03161280605190182, 0.043456595456345344, 0.034062612585999665, 0.03787347963094889, 0.04476981930489191]","[0.05375602190002386, 0.04724950919192125, 0.03161280605190182, 0.0, 0.03809956079565855, 0.03261000795598916, 0.03799682273829495, 0.04566593540273473]","[0.05262841255623797, 0.05048147781850981, 0.043456595456345344, 0.03809956079565855, 0.0, 0.043463085200064235, 0.04475629616156946, 0.047456409195923054]","[0.05647921213671045, 0.05018956421495108, 0.034062612585999665, 0.03261000795598916, 0.043463085200064235, 0.0, 0.03600057322815441, 0.04636789828041157]","[0.051591530854616374, 0.04502876570531392, 0.03787347963094889, 0.03799682273829495, 0.04475629616156946, 0.03600057322815441, 0.0, 0.03403758494906294]","[0.04022853302037736, 0.043922808461352186, 0.04476981930489191, 0.04566593540273473, 0.047456409195923054, 0.04636789828041157, 0.03403758494906294, 0.0]"
"[0.0, 0.0365005092198965, 0.04070152554241098, 0.04027484355324291, 0.062369996457223166, 0.045514346266444794, 0.038428238166133784, 0.03144148345485248]","[0.0365005092198965, 0.0, 0.03620037508217478, 0.037324059386925505, 0.062296227917107136, 0.04258965674940834, 0.03289718848886491, 0.037340726200000555]","[0.04070152554241098, 0.03620037508217478, 0.0, 0.03532527069890244, 0.05760816263992458, 0.043267064318351846, 0.04269514999737784, 0.042897013639708166]","[0.04027484355324291, 0.037324059386925505, 0.03532527069890244, 0.0, 0.05258870301148176, 0.03883126338369137, 0.03624518801089324, 0.03881305115724942]","[0.062369996457223166, 0.062296227917107136, 0.05760816263992458, 0.05258870301148176, 0.0, 0.0538560361404747, 0.06433824410698634, 0.058598066387919236]","[0.045514346266444794, 0.04258965674940834, 0.043267064318351846, 0.03883126338369137, 0.0538560361404747, 0.0, 0.03790624175428798, 0.04298066167245747]","[0.038428238166133784, 0.03289718848886491, 0.04269514999737784, 0.03624518801089324, 0.06433824410698634, 0.03790624175428798, 0.0, 0.036260896558840544]","[0.03144148345485248, 0.037340726200000555, 0.042897013639708166, 0.03881305115724942, 0.058598066387919236, 0.04298066167245747, 0.036260896558840544, 0.0]"
"[0.0, 0.04878143185417926, 0.05838620309591038, 0.05373537394551731, 0.0535737146157939, 0.05633207337552626, 0.04887701872306899, 0.04843261201413318]","[0.04878143185417926, 0.0, 0.046254256130549364, 0.05727190022809496, 0.057904617639889064, 0.05859851991965466, 0.05511253378545141, 0.058639993564207224]","[0.05838620309591038, 0.046254256130549364, 0.0, 0.056553357197373345, 0.05778041678983142, 0.05989091733956885, 0.06026406531731209, 0.062422282865909354]","[0.05373537394551731, 0.05727190022809496, 0.056553357197373345, 0.0, 0.03227718481015544, 0.043480485458603946, 0.030890468595260363, 0.026228412370272486]","[0.0535737146157939, 0.057904617639889064, 0.05778041678983142, 0.03227718481015544, 0.0, 0.039650292645323534, 0.036588093663494727, 0.037336522498646434]","[0.05633207337552626, 0.05859851991965466, 0.05989091733956885, 0.043480485458603946, 0.039650292645323534, 0.0, 0.038680478780812835, 0.04631522368988573]","[0.04887701872306899, 0.05511253378545141, 0.06026406531731209, 0.030890468595260363, 0.036588093663494727, 0.038680478780812835, 0.0, 0.025866063577175965]","[0.04843261201413318, 0.058639993564207224, 0.062422282865909354, 0.026228412370272486, 0.037336522498646434, 0.04631522368988573, 0.025866063577175965, 0.0]"
"[0.0, 0.03704275893999435, 0.04263898418455634, 0.04499609636557714, 0.04939884687490414, 0.040838353937503, 0.041168109133280055, 0.03910909360274166]","[0.03704275893999435, 0.0, 0.03747284712625447, 0.037891065287920425, 0.0478897724070135, 0.03742599696647275, 0.03770372100466072, 0.03988753486583543]","[0.04263898418455634, 0.03747284712625447, 0.0, 0.027229114905093423, 0.055009476566049216, 0.038615243608677956, 0.03684976123546032, 0.038165551452029794]","[0.04499609636557714, 0.037891065287920425, 0.027229114905093423, 0.0, 0.05135953477654937, 0.04012689173400992, 0.0369919871459154, 0.03560349944522697]","[0.04939884687490414, 0.0478897724070135, 0.055009476566049216, 0.05135953477654937, 0.0, 0.04391091683578701, 0.04967321244017552, 0.054973131751224674]","[0.040838353937503, 0.03742599696647275, 0.038615243608677956, 0.04012689173400992, 0.04391091683578701, 0.0, 0.03248311341511297, 0.03967179822917712]","[0.041168109133280055, 0.03770372100466072, 0.03684976123546032, 0.0369919871459154, 0.04967321244017552, 0.03248311341511297, 0.0, 0.03623231330626143]","[0.03910909360274166, 0.03988753486583543, 0.038165551452029794, 0.03560349944522697, 0.054973131751224674, 0.03967179822917712, 0.03623231330626143, 0.0]"
"[0.0, 0.030605368159831815, 0.0626504135055594, 0.03777869788716858, 0.0358153277475159, 0.06370969008684103, 0.033721447562067755, 0.03319438190809647]","[0.030605368159831815, 0.0, 0.06093300463723745, 0.03138857910278899, 0.02921771370220861, 0.06417535418838405, 0.028211397377025948, 0.03533666417009865]","[0.0626504135055594, 0.06093300463723745, 0.0, 0.05781357237120382, 0.06531154386840132, 0.06537871170817951, 0.06463306459478253, 0.0605352407967789]","[0.03777869788716858, 0.03138857910278899, 0.05781357237120382, 0.0, 0.031077355750806016, 0.061786657810022835, 0.03174529496797434, 0.03890936496818267]","[0.0358153277475159, 0.02921771370220861, 0.06531154386840132, 0.031077355750806016, 0.0, 0.058329339139421205, 0.027593652315512404, 0.0375923083031315]","[0.06370969008684103, 0.06417535418838405, 0.06537871170817951, 0.061786657810022835, 0.058329339139421205, 0.0, 0.06149958363997863, 0.058278893319443394]","[0.033721447562067755, 0.028211397377025948, 0.06463306459478253, 0.03174529496797434, 0.027593652315512404, 0.06149958363997863, 0.0, 0.032658404235554925]","[0.03319438190809647, 0.03533666417009865, 0.0605352407967789, 0.03890936496818267, 0.0375923083031315, 0.058278893319443394, 0.032658404235554925, 0.0]"
"[0.0, 0.03178503074791652, 0.04247311114673523, 0.047500730978291585, 0.038956817288240436, 0.04666765134478136, 0.03989686259602866, 0.03330648316204222]","[0.03178503074791652, 0.0, 0.0386680897788512, 0.04865686319710873, 0.03745580316837402, 0.04262728009377181, 0.037748449638756405, 0.03855678707428722]","[0.04247311114673523, 0.0386680897788512, 0.0, 0.04368656332295823, 0.040442117848103615, 0.044283640236684435, 0.042772893775184506, 0.043096534523275234]","[0.047500730978291585, 0.04865686319710873, 0.04368656332295823, 0.0, 0.041077148922336965, 0.04965165863049635, 0.04738699613243725, 0.04498334263131929]","[0.038956817288240436, 0.03745580316837402, 0.040442117848103615, 0.041077148922336965, 0.0, 0.03256000494708446, 0.0355893962302083, 0.04130302461638468]","[0.04666765134478136, 0.04262728009377181, 0.044283640236684435, 0.04965165863049635, 0.03256000494708446, 0.0, 0.03704768343687502, 0.04791667616802568]","[0.03989686259602866, 0.037748449638756405, 0.042772893775184506, 0.04738699613243725, 0.0355893962302083, 0.03704768343687502, 0.0, 0.040203228514813005]","[0.03330648316204222, 0.03855678707428722, 0.043096534523275234, 0.04498334263131929, 0.04130302461638468, 0.04791667616802568, 0.040203228514813005, 0.0]"
"[0.0, 0.03702630809550398, 0.04560616721995068, 0.041786655105242806, 0.0436199117991822, 0.043420970121785515, 0.04747064571457403, 0.03718475103117505]","[0.03702630809550398, 0.0, 0.04012094830854947, 0.04056093857948456, 0.03219409064764065, 0.03563331824145015, 0.05003174581288967, 0.0337353329108103]","[0.04560616721995068, 0.04012094830854947, 0.0, 0.03673460892491089, 0.040989564207749525, 0.04070541648638673, 0.04931987243009074, 0.04267340909963016]","[0.041786655105242806, 0.04056093857948456, 0.03673460892491089, 0.0, 0.03778518154932641, 0.0411017677362754, 0.04775502134362565, 0.04270382678850997]","[0.0436199117991822, 0.03219409064764065, 0.040989564207749525, 0.03778518154932641, 0.0, 0.033109925345214425, 0.048388704298368716, 0.037339471877342933]","[0.043420970121785515, 0.03563331824145015, 0.04070541648638673, 0.0411017677362754, 0.033109925345214425, 0.0, 0.03958724811849507, 0.037481229456320694]","[0.04747064571457403, 0.05003174581288967, 0.04931987243009074, 0.04775502134362565, 0.048388704298368716, 0.03958724811849507, 0.0, 0.04369953519092867]","[0.03718475103117505, 0.0337353329108103, 0.04267340909963016, 0.04270382678850997, 0.037339471877342933, 0.037481229456320694, 0.04369953519092867, 0.0]"
"[0.0, 0.03702751451806826, 0.04022085218336454, 0.04296952473156241, 0.04424435185155319, 0.04369875437783169, 0.04459229825787992, 0.03950271671771302]","[0.03702751451806826, 0.0, 0.03240928706212719, 0.03424665500338791, 0.03757955559094167, 0.03904183575238232, 0.042433030084884325, 0.03747439508419813]","[0.04022085218336454, 0.03240928706212719, 0.0, 0.03452722036791124, 0.04019397947498368, 0.040122387453113924, 0.04033089025158183, 0.038804003695798756]","[0.04296952473156241, 0.03424665500338791, 0.03452722036791124, 0.0, 0.034237038563292986, 0.040423121121520876, 0.0412642528858486, 0.039215788024278456]","[0.04424435185155319, 0.03757955559094167, 0.04019397947498368, 0.034237038563292986, 0.0, 0.039092279545964365, 0.04170263647352983, 0.04004746727443283]","[0.04369875437783169, 0.03904183575238232, 0.040122387453113924, 0.040423121121520876, 0.039092279545964365, 0.0, 0.04078656407453306, 0.04445216772739003]","[0.04459229825787992, 0.042433030084884325, 0.04033089025158183, 0.0412642528858486, 0.04170263647352983, 0.04078656407453306, 0.0, 0.03891272057398571]","[0.03950271671771302, 0.03747439508419813, 0.038804003695798756, 0.039215788024278456, 0.04004746727443283, 0.04445216772739003, 0.03891272057398571, 0.0]"
"[0.0, 0.04272474075724999, 0.053550549957457526, 0.05250088679062389, 0.04855870668390917, 0.05105002238137189, 0.049956362301082746, 0.05089323592795844]","[0.04272474075724999, 0.0, 0.04274110189726566, 0.04411290014281455, 0.04066245624608372, 0.0421116141800482, 0.04175650074317024, 0.044789905996055576]","[0.053550549957457526, 0.04274110189726566, 0.0, 0.03843707753581275, 0.04920238370881155, 0.04590437591735355, 0.05124222803395597, 0.05621558932899168]","[0.05250088679062389, 0.04411290014281455, 0.03843707753581275, 0.0, 0.039804564662981934, 0.045471935428741145, 0.04556181681698524, 0.049802489579939234]","[0.04855870668390917, 0.04066245624608372, 0.04920238370881155, 0.039804564662981934, 0.0, 0.03054462537605341, 0.030567289679715563, 0.02922406543494293]","[0.05105002238137189, 0.0421116141800482, 0.04590437591735355, 0.045471935428741145, 0.03054462537605341, 0.0, 0.03386326560330281, 0.03981612308436595]","[0.049956362301082746, 0.04175650074317024, 0.05124222803395597, 0.04556181681698524, 0.030567289679715563, 0.03386326560330281, 0.0, 0.026618631140219163]","[0.05089323592795844, 0.044789905996055576, 0.05621558932899168, 0.049802489579939234, 0.02922406543494293, 0.03981612308436595, 0.026618631140219163, 0.0]"
"[0.0, 0.03568718118521098, 0.03302084912121162, 0.0400510650793213, 0.03639028183140012, 0.06061435753871652, 0.04138637078894013, 0.03638616067001039]","[0.03568718118521098, 0.0, 0.04156106965031591, 0.04681403173509953, 0.04548774060017911, 0.05987882303460018, 0.048024375569607584, 0.042592496427101355]","[0.03302084912121162, 0.04156106965031591, 0.0, 0.032961827832043794, 0.032173885671914565, 0.06507482319813909, 0.04487451753406719, 0.03893179588931473]","[0.0400510650793213, 0.04681403173509953, 0.032961827832043794, 0.0, 0.03157885237956422, 0.05546952004869469, 0.0428386643312171, 0.04498352228723887]","[0.03639028183140012, 0.04548774060017911, 0.032173885671914565, 0.03157885237956422, 0.0, 0.05218550159943679, 0.04072676618750942, 0.039571788881355305]","[0.06061435753871652, 0.05987882303460018, 0.06507482319813909, 0.05546952004869469, 0.05218550159943679, 0.0, 0.051669946335140486, 0.059790647229900254]","[0.04138637078894013, 0.048024375569607584, 0.04487451753406719, 0.0428386643312171, 0.04072676618750942, 0.051669946335140486, 0.0, 0.04006132676156248]","[0.03638616067001039, 0.042592496427101355, 0.03893179588931473, 0.04498352228723887, 0.039571788881355305, 0.059790647229900254, 0.04006132676156248, 0.0]"
"[0.0, 0.0346041918026323, 0.04876629889885843, 0.03187014819403357, 0.04751123862152094, 0.051109197592657835, 0.03707771698860673, 0.029624549230202683]","[0.0346041918026323, 0.0, 0.041316669233826445, 0.034994787034680085, 0.044558397991334237, 0.04749475977883541, 0.038777058141396654, 0.037794651914964845]","[0.04876629889885843, 0.041316669233826445, 0.0, 0.04273524419814963, 0.05031357387591828, 0.04987035617572034, 0.045307010638123923, 0.04916845424865448]","[0.03187014819403357, 0.034994787034680085, 0.04273524419814963, 0.0, 0.03792358974437937, 0.04793708050327646, 0.03742206758604615, 0.031189792164566355]","[0.04751123862152094, 0.044558397991334237, 0.05031357387591828, 0.03792358974437937, 0.0, 0.03777880818987505, 0.04378449094823697, 0.04548103456809907]","[0.051109197592657835, 0.04749475977883541, 0.04987035617572034, 0.04793708050327646, 0.03777880818987505, 0.0, 0.04397894111987335, 0.0498111839549129]","[0.03707771698860673, 0.038777058141396654, 0.045307010638123923, 0.03742206758604615, 0.04378449094823697, 0.04397894111987335, 0.0, 0.03253185537163081]","[0.029624549230202683, 0.037794651914964845, 0.04916845424865448, 0.031189792164566355, 0.04548103456809907, 0.0498111839549129, 0.03253185537163081, 0.0]"
"[0.0, 0.03708610539413276, 0.04062747901646592, 0.049014727316350315, 0.042144461608617075, 0.03697611957187307, 0.03850728430145333, 0.028141577784000005]","[0.03708610539413276, 0.0, 0.03790070030488111, 0.049253728724026904, 0.0466813609737356, 0.04422809346913499, 0.04570591630985694, 0.043893894928244394]","[0.04062747901646592, 0.03790070030488111, 0.0, 0.043548642942474104, 0.04579098837894783, 0.0437777558501928, 0.042738431852652296, 0.04160469896760139]","[0.049014727316350315, 0.049253728724026904, 0.043548642942474104, 0.0, 0.04334728580487302, 0.050370109208791196, 0.051216545126151196, 0.05073863200212373]","[0.042144461608617075, 0.0466813609737356, 0.04579098837894783, 0.04334728580487302, 0.0, 0.03585258964128299, 0.04095688649595879, 0.04442515067877238]","[0.03697611957187307, 0.04422809346913499, 0.0437777558501928, 0.050370109208791196, 0.03585258964128299, 0.0, 0.03314777084272443, 0.03742642500112738]","[0.03850728430145333, 0.04570591630985694, 0.042738431852652296, 0.051216545126151196, 0.04095688649595879, 0.03314777084272443, 0.0, 0.03316298894884341]","[0.028141577784000005, 0.043893894928244394, 0.04160469896760139, 0.05073863200212373, 0.04442515067877238, 0.03742642500112738, 0.03316298894884341, 0.0]"
"[0.0, 0.042916522657734844, 0.04618040354687686, 0.036940771315151555, 0.05554356768031593, 0.03371834041354694, 0.03994106239845371, 0.026331270333513665]","[0.042916522657734844, 0.0, 0.04602509108096797, 0.04670172612648128, 0.05722585522820099, 0.049120051941518125, 0.049909368127867455, 0.048755719519152405]","[0.04618040354687686, 0.04602509108096797, 0.0, 0.04282706380607402, 0.04911444404645804, 0.0482350044887367, 0.049415330719027616, 0.04889616039150591]","[0.036940771315151555, 0.04670172612648128, 0.04282706380607402, 0.0, 0.044383103070783164, 0.03734833817458779, 0.04324506805707438, 0.03842700419165009]","[0.05554356768031593, 0.05722585522820099, 0.04911444404645804, 0.044383103070783164, 0.0, 0.04899667782949046, 0.05422392837068468, 0.05485810924037237]","[0.03371834041354694, 0.049120051941518125, 0.0482350044887367, 0.03734833817458779, 0.04899667782949046, 0.0, 0.0319762811839184, 0.028079585250234785]","[0.03994106239845371, 0.049909368127867455, 0.049415330719027616, 0.04324506805707438, 0.05422392837068468, 0.0319762811839184, 0.0, 0.03549858069337476]","[0.026331270333513665, 0.048755719519152405, 0.04889616039150591, 0.03842700419165009, 0.05485810924037237, 0.028079585250234785, 0.03549858069337476, 0.0]"
"[0.0, 0.03826111747045041, 0.03383867759346048, 0.048356555040507516, 0.04081010801527183, 0.03912110657593685, 0.040250025419884726, 0.031388121087910434]","[0.03826111747045041, 0.0, 0.0378583852646888, 0.05174959293978938, 0.049927117813943954, 0.04718072587143262, 0.048034802564347126, 0.04392783339776638]","[0.03383867759346048, 0.0378583852646888, 0.0, 0.043878909599472465, 0.042393016190867355, 0.03908376236680211, 0.04184475530851168, 0.030521532280576583]","[0.048356555040507516, 0.05174959293978938, 0.043878909599472465, 0.0, 0.04355392883840004, 0.04736049976470085, 0.0510239815523452, 0.04845146984728112]","[0.04081010801527183, 0.049927117813943954, 0.042393016190867355, 0.04355392883840004, 0.0, 0.03503276365980315, 0.04552747881424715, 0.04166174697293318]","[0.03912110657593685, 0.04718072587143262, 0.03908376236680211, 0.04736049976470085, 0.03503276365980315, 0.0, 0.036648647606187267, 0.03944079847155066]","[0.040250025419884726, 0.048034802564347126, 0.04184475530851168, 0.0510239815523452, 0.04552747881424715, 0.036648647606187267, 0.0, 0.03666429689928678]","[0.031388121087910434, 0.04392783339776638, 0.030521532280576583, 0.04845146984728112, 0.04166174697293318, 0.03944079847155066, 0.03666429689928678, 0.0]"
"[0.0, 0.028597901762392217, 0.04165122143894417, 0.038735316820885005, 0.04822427811214527, 0.04416088123154085, 0.034668756606065006, 0.029864447300700026]","[0.028597901762392217, 0.0, 0.038505219151390324, 0.03890255547077699, 0.051894459760986285, 0.046187813981313317, 0.0338188801396302, 0.0321355637865259]","[0.04165122143894417, 0.038505219151390324, 0.0, 0.041117011169509, 0.05352089100929353, 0.049582537864083134, 0.04492866733933535, 0.04454808507392549]","[0.038735316820885005, 0.03890255547077699, 0.041117011169509, 0.0, 0.05252721033471573, 0.04966742529765405, 0.04219491452693576, 0.039915443510549396]","[0.04822427811214527, 0.051894459760986285, 0.05352089100929353, 0.05252721033471573, 0.0, 0.04126236004759635, 0.04917624237332734, 0.05116818389192569]","[0.04416088123154085, 0.046187813981313317, 0.049582537864083134, 0.04966742529765405, 0.04126236004759635, 0.0, 0.04064031806731593, 0.047235978398466084]","[0.034668756606065006, 0.0338188801396302, 0.04492866733933535, 0.04219491452693576, 0.04917624237332734, 0.04064031806731593, 0.0, 0.028954507449066687]","[0.029864447300700026, 0.0321355637865259, 0.04454808507392549, 0.039915443510549396, 0.05116818389192569, 0.047235978398466084, 0.028954507449066687, 0.0]"
"[0.0, 0.04311848685409734, 0.0480970849147637, 0.048187990970362554, 0.05198760499385952, 0.04769165378511109, 0.054094768904376526, 0.039567768460537465]","[0.04311848685409734, 0.0, 0.03829197103267523, 0.041623056151825814, 0.050187462829408065, 0.04318983779075808, 0.04705731804256123, 0.04410955988965957]","[0.0480970849147637, 0.03829197103267523, 0.0, 0.038025585168386625, 0.053309094610300395, 0.04409217095723536, 0.04807026865869924, 0.04570517809083931]","[0.048187990970362554, 0.041623056151825814, 0.038025585168386625, 0.0, 0.046541312593671516, 0.03210577656942714, 0.02519091073212149, 0.038174605632715575]","[0.05198760499385952, 0.050187462829408065, 0.053309094610300395, 0.046541312593671516, 0.0, 0.04567199365925585, 0.05821711107221167, 0.0480040768608365]","[0.04769165378511109, 0.04318983779075808, 0.04409217095723536, 0.03210577656942714, 0.04567199365925585, 0.0, 0.03263778457085849, 0.039776888494797755]","[0.054094768904376526, 0.04705731804256123, 0.04807026865869924, 0.02519091073212149, 0.05821711107221167, 0.03263778457085849, 0.0, 0.03993010973421054]","[0.039567768460537465, 0.04410955988965957, 0.04570517809083931, 0.038174605632715575, 0.0480040768608365, 0.039776888494797755, 0.03993010973421054, 0.0]"
"[0.0, 0.03704020475600354, 0.05289946327453423, 0.04287741154815816, 0.041500940809423695, 0.04584211782893783, 0.04549426732977192, 0.03605942260197553]","[0.03704020475600354, 0.0, 0.04515503602200784, 0.04363382300830701, 0.044204130128081054, 0.044971779993840125, 0.04477943773294325, 0.04476695469775498]","[0.05289946327453423, 0.04515503602200784, 0.0, 0.05708031200421218, 0.05897527938639246, 0.05156611626654546, 0.05697391485685202, 0.05819554120243905]","[0.04287741154815816, 0.04363382300830701, 0.05708031200421218, 0.0, 0.025099212688675116, 0.04230888667147787, 0.03725307596740377, 0.033983660393127536]","[0.041500940809423695, 0.044204130128081054, 0.05897527938639246, 0.025099212688675116, 0.0, 0.03766168943144978, 0.035352120035906105, 0.03468436090246855]","[0.04584211782893783, 0.044971779993840125, 0.05156611626654546, 0.04230888667147787, 0.03766168943144978, 0.0, 0.034625598217092976, 0.04276140028416884]","[0.04549426732977192, 0.04477943773294325, 0.05697391485685202, 0.03725307596740377, 0.035352120035906105, 0.034625598217092976, 0.0, 0.03256184847415303]","[0.03605942260197553, 0.04476695469775498, 0.05819554120243905, 0.033983660393127536, 0.03468436090246855, 0.04276140028416884, 0.03256184847415303, 0.0]"
"[0.0, 0.05108164671525156, 0.060324838764468626, 0.04229196277025092, 0.03350357520286147, 0.038292995180377924, 0.03278344736951334, 0.037059071868520505]","[0.05108164671525156, 0.0, 0.05046483168636192, 0.04968520610278909, 0.056345767795258656, 0.061709241983520166, 0.06477464210002289, 0.0567592346326249]","[0.060324838764468626, 0.05046483168636192, 0.0, 0.04741839199858781, 0.06352867706453542, 0.06869410001746636, 0.071477048986024, 0.05930950377987294]","[0.04229196277025092, 0.04968520610278909, 0.04741839199858781, 0.0, 0.044897031880544995, 0.05298761189121332, 0.05370903309985517, 0.05005817737640583]","[0.03350357520286147, 0.056345767795258656, 0.06352867706453542, 0.044897031880544995, 0.0, 0.027074451725208743, 0.026386644470889824, 0.043362519757266]","[0.038292995180377924, 0.061709241983520166, 0.06869410001746636, 0.05298761189121332, 0.027074451725208743, 0.0, 0.029120144773991444, 0.048296260817767736]","[0.03278344736951334, 0.06477464210002289, 0.071477048986024, 0.05370903309985517, 0.026386644470889824, 0.029120144773991444, 0.0, 0.04491449378096669]","[0.037059071868520505, 0.0567592346326249, 0.05930950377987294, 0.05005817737640583, 0.043362519757266, 0.048296260817767736, 0.04491449378096669, 0.0]"
"[0.0, 0.03945682572802116, 0.04594063352030399, 0.045020074504502, 0.04442776856944587, 0.046700330359401104, 0.0436842072091915, 0.03538879727961218]","[0.03945682572802116, 0.0, 0.034050587532808665, 0.03704903335328151, 0.033456492383947954, 0.041819252622528606, 0.03789607190529538, 0.040247624104997486]","[0.04594063352030399, 0.034050587532808665, 0.0, 0.035547862623486505, 0.042022720026888644, 0.046485430728209945, 0.04201336502354498, 0.044426823829606166]","[0.045020074504502, 0.03704903335328151, 0.035547862623486505, 0.0, 0.03359196603141264, 0.043363716167658384, 0.0434581366762038, 0.04293909141165039]","[0.04442776856944587, 0.033456492383947954, 0.042022720026888644, 0.03359196603141264, 0.0, 0.0369253562857234, 0.04273201224562235, 0.04271929967782286]","[0.046700330359401104, 0.041819252622528606, 0.046485430728209945, 0.043363716167658384, 0.0369253562857234, 0.0, 0.040286159162736035, 0.04470312349758887]","[0.0436842072091915, 0.03789607190529538, 0.04201336502354498, 0.0434581366762038, 0.04273201224562235, 0.040286159162736035, 0.0, 0.03474277243738675]","[0.03538879727961218, 0.040247624104997486, 0.044426823829606166, 0.04293909141165039, 0.04271929967782286, 0.04470312349758887, 0.03474277243738675, 0.0]"
"[0.0, 0.04416651459942931, 0.03226518489227108, 0.03614969639521677, 0.03456395834945732, 0.03933418295645125, 0.04380599091408625, 0.044547035348068906]","[0.04416651459942931, 0.0, 0.04251401569456691, 0.04962886475757915, 0.05109227874263115, 0.053464045054776754, 0.049997761211084804, 0.05936707873166122]","[0.03226518489227108, 0.04251401569456691, 0.0, 0.03132632112746825, 0.0320769588370244, 0.04208083919329493, 0.048121971278072245, 0.058067092633327586]","[0.03614969639521677, 0.04962886475757915, 0.03132632112746825, 0.0, 0.027501503591099895, 0.041610327857933845, 0.048567229222251734, 0.05532588292227733]","[0.03456395834945732, 0.05109227874263115, 0.0320769588370244, 0.027501503591099895, 0.0, 0.03481448964162959, 0.047077256474391364, 0.05801282678250217]","[0.03933418295645125, 0.053464045054776754, 0.04208083919329493, 0.041610327857933845, 0.03481448964162959, 0.0, 0.04138768756195192, 0.056464505453654244]","[0.04380599091408625, 0.049997761211084804, 0.048121971278072245, 0.048567229222251734, 0.047077256474391364, 0.04138768756195192, 0.0, 0.04954292946713404]","[0.044547035348068906, 0.05936707873166122, 0.058067092633327586, 0.05532588292227733, 0.05801282678250217, 0.056464505453654244, 0.04954292946713404, 0.0]"
"[0.0, 0.03667101172045449, 0.04897072368484844, 0.05782560523738745, 0.036364713116962155, 0.039018196641560546, 0.038821987461646355, 0.041558022203509064]","[0.03667101172045449, 0.0, 0.043278484211274997, 0.05475705855224096, 0.035878809244690744, 0.03665945485554938, 0.03145177539399301, 0.04576210591794822]","[0.04897072368484844, 0.043278484211274997, 0.0, 0.042218577648101246, 0.04904814396107656, 0.051128057264100434, 0.05574509212720267, 0.04892121611107132]","[0.05782560523738745, 0.05475705855224096, 0.042218577648101246, 0.0, 0.05095553915973888, 0.05873012752161867, 0.06411510586819108, 0.05767446084663175]","[0.036364713116962155, 0.035878809244690744, 0.04904814396107656, 0.05095553915973888, 0.0, 0.02871816506722856, 0.0378104152864535, 0.05180594543099498]","[0.039018196641560546, 0.03665945485554938, 0.051128057264100434, 0.05873012752161867, 0.02871816506722856, 0.0, 0.0329292434779629, 0.04918380849857565]","[0.038821987461646355, 0.03145177539399301, 0.05574509212720267, 0.06411510586819108, 0.0378104152864535, 0.0329292434779629, 0.0, 0.04865135058728352]","[0.041558022203509064, 0.04576210591794822, 0.04892121611107132, 0.05767446084663175, 0.05180594543099498, 0.04918380849857565, 0.04865135058728352, 0.0]"
"[0.0, 0.041715677522969646, 0.048612246907435236, 0.052584469930478946, 0.05025521441543612, 0.050992566687890845, 0.05066653064219739, 0.04127218328400339]","[0.041715677522969646, 0.0, 0.03952965562157426, 0.051614935835133505, 0.039994513861797545, 0.04536083816401165, 0.04474758509266229, 0.04021428920759273]","[0.048612246907435236, 0.03952965562157426, 0.0, 0.04261836410367911, 0.04470313388285627, 0.04674406362431203, 0.046228481721482265, 0.04673496970977116]","[0.052584469930478946, 0.051614935835133505, 0.04261836410367911, 0.0, 0.05047961814695083, 0.051834970153882, 0.053844593987409886, 0.05267477885458683]","[0.05025521441543612, 0.039994513861797545, 0.04470313388285627, 0.05047961814695083, 0.0, 0.03846516405674461, 0.031434415136036585, 0.03426652475513403]","[0.050992566687890845, 0.04536083816401165, 0.04674406362431203, 0.051834970153882, 0.03846516405674461, 0.0, 0.03252637353059953, 0.04364192943627604]","[0.05066653064219739, 0.04474758509266229, 0.046228481721482265, 0.053844593987409886, 0.031434415136036585, 0.03252637353059953, 0.0, 0.03791604607195676]","[0.04127218328400339, 0.04021428920759273, 0.04673496970977116, 0.05267477885458683, 0.03426652475513403, 0.04364192943627604, 0.03791604607195676, 0.0]"
"[0.0, 0.03566461859935666, 0.04076845609517315, 0.043258728900600125, 0.050878301585357937, 0.04052995821110815, 0.04194895886327622, 0.03745568963594491]","[0.03566461859935666, 0.0, 0.03418102820415273, 0.03863706163896333, 0.05076518557885236, 0.04107465350036573, 0.04761836582631048, 0.04617476206386572]","[0.04076845609517315, 0.03418102820415273, 0.0, 0.03173679910141088, 0.04878171435029276, 0.04256340078367157, 0.04658581881085086, 0.04604338865706185]","[0.043258728900600125, 0.03863706163896333, 0.03173679910141088, 0.0, 0.04476628069175452, 0.04072282375858955, 0.04578804191711238, 0.04099828943127592]","[0.050878301585357937, 0.05076518557885236, 0.04878171435029276, 0.04476628069175452, 0.0, 0.038891373178097426, 0.048582709056091224, 0.04919064675129982]","[0.04052995821110815, 0.04107465350036573, 0.04256340078367157, 0.04072282375858955, 0.038891373178097426, 0.0, 0.038628099774861396, 0.04299001570893622]","[0.04194895886327622, 0.04761836582631048, 0.04658581881085086, 0.04578804191711238, 0.048582709056091224, 0.038628099774861396, 0.0, 0.038254772890805505]","[0.03745568963594491, 0.04617476206386572, 0.04604338865706185, 0.04099828943127592, 0.04919064675129982, 0.04299001570893622, 0.038254772890805505, 0.0]"
"[0.0, 0.036764262925675195, 0.04249968074496173, 0.04015370585891502, 0.03990877273701669, 0.041070268948025936, 0.0558421567910309, 0.04302045714332904]","[0.036764262925675195, 0.0, 0.035283768188752875, 0.041307335228570136, 0.03757497098204099, 0.03976189307186188, 0.05470946961278931, 0.044038681233022306]","[0.04249968074496173, 0.035283768188752875, 0.0, 0.03861971290080017, 0.04341932863555437, 0.04450305039130598, 0.05380071676075922, 0.0452184365464933]","[0.04015370585891502, 0.041307335228570136, 0.03861971290080017, 0.0, 0.03196532162521635, 0.03832387650486104, 0.05539381942584586, 0.044438863044544676]","[0.03990877273701669, 0.03757497098204099, 0.04341932863555437, 0.03196532162521635, 0.0, 0.02935947990636661, 0.0546864782314766, 0.042441235406229925]","[0.041070268948025936, 0.03976189307186188, 0.04450305039130598, 0.03832387650486104, 0.02935947990636661, 0.0, 0.048066273661685754, 0.04075454134730565]","[0.0558421567910309, 0.05470946961278931, 0.05380071676075922, 0.05539381942584586, 0.0546864782314766, 0.048066273661685754, 0.0, 0.047138763565022085]","[0.04302045714332904, 0.044038681233022306, 0.0452184365464933, 0.044438863044544676, 0.042441235406229925, 0.04075454134730565, 0.047138763565022085, 0.0]"
